34	6
67	8
88	8
89	6
135	6
139	10
144	3
154	3
160	6
212	6
215	8
223	10
228	8
232	6
251	6
264	4
277	1
292	2
319	2
334	4
345	6
368	7
391	6
396	4
418	6
426	2
430	6
436	8
456	2
459	4
491	9
494	8
505	6
530	6
543	6
546	6
553	8
556	6
562	10
571	3
604	6
605	6
617	6
621	5
645	6
647	6
661	8
672	4
684	1
715	4
716	4
719	6
735	4
739	4
742	6
746	7
759	4
775	6
784	6
795	6
798	4
820	5
823	6
827	6
846	6
886	6
889	6
895	4
896	2
907	6
933	4
936	4
963	6
970	4
987	4
988	8
990	4
999	10
1050	6
1057	6
1058	4
1059	6
1065	6
1070	8
1072	5
1093	6
1101	7
1102	2
1142	4
1143	8
1147	6
1148	6
1174	6
1177	2
1178	6
1193	10
1211	2
1224	5
1227	6
1238	6
1242	6
1249	4
1254	6
1288	1
1302	6
1305	10
1367	3
1377	2
1380	6
1389	8
1391	4
1409	6
1413	4
1419	1
1433	2
1435	4
1466	1
1468	6
1469	1
1507	6
1534	6
1538	4
1554	6
1585	6
1628	6
1652	2
1658	10
1677	10
1694	6
1699	10
1709	6
1714	6
1742	8
1750	6
1759	6
1782	3
1799	6
1819	6
1835	6
1846	6
1854	4
1860	2
1874	2
1877	2
1878	4
1880	6
1891	6
1895	8
1915	4
1918	2
1971	4
1993	1
2012	6
2050	2
2053	3
2062	6
2079	6
2093	4
2123	6
2132	10
2142	6
2154	5
2168	5
2201	6
2227	8
2233	4
2266	6
2291	3
2300	6
2304	4
2317	6
2331	7
2379	6
2387	6
2404	2
2411	6
2449	1
2498	2
2523	8
2541	2
2583	4
2619	6
2632	6
2635	4
2641	6
2656	6
2660	8
2667	6
2692	8
2696	6
2698	3
2723	4
2725	6
2745	4
2754	8
2756	3
2762	8
2765	6
2783	3
2787	6
2796	5
2797	2
2804	6
2810	6
2812	4
2821	4
2826	4
2852	4
2860	6
2872	6
2879	4
2891	6
2892	5
2893	6
2908	4
2920	7
2931	2
2941	8
2952	4
2958	2
2961	10
2988	1
2993	8
2998	8
3009	8
3030	6
3052	4
3057	5
3061	4
3087	8
3131	6
3142	2
3149	5
3163	6
3174	7
3178	6
3180	4
3190	7
3202	7
3210	8
3219	6
3231	10
3240	6
3241	6
3285	8
3298	3
3300	8
3308	2
3313	8
3325	5
3335	8
3336	4
3366	6
3389	10
3405	8
3409	6
3434	5
3473	8
3476	8
3485	2
3486	8
3488	1
3492	6
3505	6
3513	6
3531	3
3560	2
3577	6
3595	5
3631	6
3639	8
3646	6
3668	6
3679	6
3681	8
3712	6
3725	10
3782	6
3784	4
3810	2
3811	6
3817	5
3827	6
3840	2
3879	6
3891	8
3894	4
3904	6
3924	6
3938	6
3949	6
3959	4
3977	6
4020	6
4022	6
4031	6
4033	7
4054	6
4057	6
4060	6
4065	6
4099	5
4110	6
4158	10
4177	2
4182	6
4217	4
4227	6
4229	4
4253	7
4264	6
4276	6
4289	6
4295	6
4304	7
4345	2
4347	4
4348	6
4368	6
4373	6
4383	6
4460	6
4468	4
4487	2
4497	4
4522	8
4534	6
4538	9
4549	2
4561	3
4565	2
4566	6
4568	4
4578	6
4582	2
4612	4
4616	4
4650	2
4669	2
4747	8
4749	10
4763	4
4783	2
4818	5
4824	8
4827	5
4834	6
4846	4
4859	8
4864	6
4876	4
4887	4
4888	6
4923	4
4937	4
4943	2
4954	4
4966	10
4984	10
5036	6
5039	6
5044	4
5085	1
5096	3
5101	10
5103	6
5110	8
5125	2
5134	4
5150	6
5162	4
5174	1
5191	8
5215	6
5224	8
5226	5
5227	7
5241	2
5257	6
5262	2
5275	6
5279	6
5287	10
5294	2
5296	8
5316	8
5349	8
5354	1
5367	4
5417	6
5418	1
5431	6
5446	2
5519	6
5561	7
5562	6
5587	6
5603	8
5607	6
5608	5
5622	2
5678	4
5687	7
5709	3
5713	8
5716	6
5717	10
5740	8
5744	6
5745	10
5747	4
5756	2
5764	6
5768	4
5795	4
5796	4
5797	8
5799	2
5808	6
5825	4
5826	6
5836	7
5837	8
5875	8
5876	5
5884	6
5922	8
5935	6
5937	6
5949	6
5955	8
5963	8
5973	6
5978	6
5979	1
6002	2
6014	4
6017	1
6018	4
6046	1
6049	10
6057	2
6063	1
6083	6
6108	8
6110	2
6113	6
6117	1
6120	6
6147	6
6150	3
6163	3
6176	6
6184	10
6211	10
6214	8
6227	6
6260	6
6264	7
6277	7
6317	3
6330	2
6336	8
6349	2
6364	8
6367	6
6375	4
6380	4
6387	6
6393	3
6414	2
6443	2
6461	1
6466	4
6467	2
6505	10
6508	2
6512	6
6525	8
6529	6
6537	6
6550	5
6630	6
6654	2
6656	4
6710	8
6743	6
6783	10
6796	1
6810	8
6814	6
6817	2
6825	4
6835	7
6845	6
6850	6
6851	8
6870	6
6936	4
6938	10
6941	6
6949	4
6965	5
6971	4
6984	6
6992	5
7092	2
7099	1
7126	4
7127	4
7133	4
7139	4
7157	6
7161	8
7184	8
7190	4
7216	6
7225	2
7239	6
7241	8
7253	6
7255	4
7270	6
7282	8
7286	6
7289	4
7317	7
7325	6
7383	10
7385	8
7390	6
7396	4
7399	4
7423	5
7442	1
7472	4
7485	8
7488	10
7498	8
7508	5
7525	6
7532	4
7542	8
7543	6
7559	6
7561	2
7570	6
7587	6
7612	5
7624	1
7626	2
7629	4
7650	6
7662	6
7667	6
7670	6
7681	6
7704	3
7707	6
7721	6
7726	6
7756	6
7757	7
7770	6
7788	6
7798	2
7809	8
7811	4
7832	6
7849	3
7854	6
7861	6
7864	2
7892	10
7909	8
7912	2
7946	4
7949	8
7958	6
7960	4
7979	3
7989	2
7995	8
8006	4
8020	5
8031	6
8033	8
8073	4
8083	1
8127	4
8132	2
8136	5
8142	7
8145	6
8147	8
8156	6
8160	8
8165	3
8169	6
8187	6
8208	6
8227	4
8234	8
8249	6
8257	6
8262	6
8264	6
8270	2
8303	6
8310	6
8330	6
8344	6
8348	4
8364	2
8376	6
8377	4
8382	8
8394	6
8425	6
8448	6
8471	4
8474	6
8476	7
8521	3
8533	4
8580	6
8594	2
8597	2
8599	6
8603	7
8604	4
8611	10
8619	9
8622	8
8631	4
8643	6
8649	8
8659	6
8663	8
8683	4
8688	4
8697	8
8701	4
8717	2
8726	3
8733	8
8735	6
8755	4
8763	2
8767	6
8787	5
8806	4
8811	4
8817	2
8824	6
8831	2
8832	2
8834	6
8839	6
8843	7
8856	5
8858	4
8867	1
8892	6
8896	6
8921	2
8930	8
8931	6
8952	6
8964	8
8973	8
8974	2
8980	4
8985	2
9023	4
9035	6
9058	6
9060	8
9065	5
9076	4
9079	2
9085	1
9086	6
9109	6
9116	6
9128	8
9133	8
9139	2
9140	6
9141	6
9147	6
9152	6
9174	6
9181	4
9196	3
9202	6
9207	6
9235	8
9261	4
9268	2
9275	6
9289	4
9306	6
9319	6
9325	4
9331	1
9348	8
9350	3
9355	4
9359	7
9360	2
9366	10
9389	10
9411	10
9420	6
9435	8
9477	4
9478	8
9488	6
9532	6
9549	2
9550	4
9552	4
9565	10
9575	8
9576	6
9589	5
9594	8
9595	6
9611	6
9614	8
9618	9
9625	1
9649	6
9662	3
9698	6
9707	6
9713	5
9754	6
9760	6
9764	2
9787	3
9827	2
9838	8
9878	5
9939	6
9952	2
9964	6
9969	6
10036	1
10047	6
10051	6
10056	6
10064	4
10075	6
10081	10
10107	2
10110	8
10111	2
10116	5
10122	10
10127	2
10133	6
10156	6
10162	8
10171	6
10172	8
10182	4
10189	4
10191	6
10212	6
10218	4
10222	6
10229	2
10230	6
10234	6
10250	7
10252	10
10276	7
10277	6
10279	6
10281	5
10300	6
10313	2
10346	6
10362	5
10365	6
10383	2
10388	10
10398	2
10422	8
10423	10
10440	6
10445	6
10456	6
10477	8
10488	6
10511	8
10542	8
10559	6
10591	6
10596	2
10617	6
10627	6
10674	6
10700	8
10708	5
10715	6
10730	8
10756	4
10759	4
10775	6
10791	4
10803	4
10804	10
10836	1
10841	2
10854	6
10856	4
10869	1
10884	2
10912	2
10950	1
10958	6
10970	4
10976	4
10983	8
10986	1
10995	7
11022	8
11024	5
11035	3
11045	4
11066	6
11072	6
11080	6
11106	4
11113	6
11123	7
11182	2
11190	4
11221	5
11232	4
11237	6
11255	5
11296	4
11326	1
11331	10
11342	6
11346	10
11348	2
11352	7
11364	8
11386	2
11400	6
11418	8
11422	8
11426	8
11434	1
11447	4
11461	4
11467	4
11468	4
11485	1
11496	2
11517	6
11525	6
11539	4
11545	6
11561	7
11562	5
11579	6
11606	4
11609	2
11638	6
11646	9
11656	6
11658	10
11702	4
11740	6
11762	8
11783	4
11790	6
11791	2
11833	6
11834	8
11844	6
11908	6
11941	6
11944	6
11958	6
11962	6
12006	6
12012	6
12015	2
12020	6
12025	6
12029	6
12030	6
12035	6
12039	2
12051	3
12061	6
12069	8
12078	6
12080	6
12125	4
12135	6
12158	6
12181	8
12187	3
12189	6
12207	8
12209	4
12230	6
12248	6
12253	4
12298	6
12301	2
12303	6
12307	6
12309	1
12310	6
12316	4
12359	6
12362	6
12367	3
12377	7
12385	2
12406	6
12428	7
12435	6
12461	8
12530	6
12534	8
12544	6
12585	6
12596	6
12597	6
12620	4
12621	7
12623	8
12638	6
12660	1
12663	6
12671	6
12678	6
12681	1
12684	2
12704	8
12707	4
12723	8
12725	2
12726	6
12727	4
12749	6
12750	2
12761	10
12768	4
12778	6
12791	6
12797	3
12805	6
12806	6
12810	3
12854	6
12871	2
12885	6
12904	1
12912	8
12914	4
12925	6
12935	8
12946	6
12949	6
12963	4
12967	2
12995	6
13012	6
13014	4
13016	8
13023	2
13037	6
13061	6
13069	5
13091	4
13117	10
13122	5
13143	10
13144	6
13164	6
13191	10
13205	6
13220	6
13232	8
13234	6
13239	6
13258	6
13260	6
13261	8
