8	8
11	6
16	8
34	6
35	4
36	4
37	2
125	7
139	8
144	7
152	2
153	6
154	6
175	2
196	6
198	6
212	5
215	8
230	4
234	6
253	6
267	6
272	4
274	4
276	2
303	3
307	6
310	8
314	4
319	6
330	8
353	7
368	6
386	8
407	6
426	7
434	4
438	8
451	9
459	9
467	7
480	2
496	8
533	4
541	8
543	6
561	8
572	6
585	4
590	4
598	8
608	4
621	2
634	10
647	4
679	6
683	7
688	8
702	4
731	10
739	4
784	6
798	6
809	6
820	8
826	4
863	4
867	6
885	6
886	10
891	6
898	6
908	10
915	8
922	6
933	4
936	6
946	6
957	4
977	8
988	6
999	8
1021	6
1026	4
1062	6
1069	6
1077	4
1112	4
1126	8
1132	8
1146	7
1174	6
1177	4
1181	4
1192	6
1203	6
1236	8
1239	4
1252	7
1254	8
1265	6
1281	1
1288	3
1294	3
1296	6
1299	6
1302	8
1304	4
1331	6
1333	6
1345	6
1355	7
1377	6
1378	8
1383	8
1391	6
1392	7
1403	6
1406	8
1408	7
1413	8
1419	1
1431	4
1440	9
1474	7
1479	6
1484	6
1545	8
1550	8
1567	10
1574	3
1587	7
1592	8
1596	6
1632	2
1638	8
1639	1
1643	8
1650	8
1663	7
1690	8
1701	6
1709	8
1712	6
1724	4
1741	7
1751	5
1763	8
1826	4
1854	5
1860	7
1874	6
1880	8
1887	8
1888	6
1909	6
1918	4
1926	5
1977	8
1993	6
2027	6
2050	6
2053	5
2134	4
2157	6
2179	4
2193	5
2204	7
2215	8
2227	8
2232	8
2233	6
2237	4
2254	8
2291	4
2300	6
2304	4
2354	8
2394	6
2402	6
2414	7
2428	7
2435	4
2449	6
2455	5
2479	4
2509	6
2531	6
2536	6
2542	8
2551	6
2558	7
2566	6
2573	2
2574	7
2576	10
2593	9
2596	6
2613	6
2619	5
2627	6
2632	6
2641	8
2661	8
2662	6
2664	10
2692	7
2698	7
2708	2
2709	4
2723	5
2729	8
2736	5
2741	4
2745	6
2765	6
2784	6
2852	6
2863	7
2872	6
2904	8
2909	8
2925	8
2930	1
2955	2
2957	8
3002	6
3015	6
3016	8
3022	8
3030	4
3032	6
3057	5
3061	4
3067	4
3110	7
3114	9
3119	6
3149	5
3155	2
3157	6
3163	8
3170	6
3190	8
3208	8
3215	4
3221	8
3229	5
3249	4
3250	4
3264	4
3285	6
3298	4
3313	7
3317	8
3325	6
3343	8
3366	2
3406	8
3411	10
3415	6
3426	8
3434	8
3440	3
3462	8
3476	10
3483	2
3494	7
3525	2
3526	7
3573	4
3575	8
3595	8
3624	6
3626	10
3635	6
3646	6
3658	6
3681	6
3686	6
3721	6
3730	8
3754	8
3791	6
3793	4
3797	3
3810	5
3817	7
3840	4
3841	2
3855	4
3864	8
3867	4
3887	6
3907	6
3913	6
3942	6
3977	7
3987	6
3991	5
4020	8
4022	8
4056	7
4059	6
4078	6
4105	8
4112	6
4114	7
4129	7
4134	6
4136	10
4146	7
4153	7
4177	7
4187	8
4198	2
4209	6
4218	3
4229	4
4233	8
4243	5
4263	2
4302	8
4317	1
4321	8
4322	6
4334	9
4345	2
4347	8
4350	6
4352	4
4361	8
4364	7
4368	8
4372	8
4373	6
4391	6
4395	6
4432	4
4456	8
4457	2
4458	4
4459	8
4461	2
4473	8
4508	8
4510	7
4513	5
4520	6
4534	8
4538	8
4549	7
4557	6
4578	6
4587	8
4590	8
4598	6
4612	6
4623	8
4628	4
4629	7
4658	8
4665	8
4743	8
4766	8
4783	6
4796	6
4817	4
4818	4
4827	6
4866	10
4888	8
4912	4
4923	8
4954	6
4965	7
4982	8
5012	4
5014	4
5016	8
5030	6
5036	6
5061	5
5085	6
5096	5
5099	8
5103	8
5134	6
5138	8
5142	2
5168	2
5173	2
5174	3
5191	10
5201	6
5226	5
5260	2
5262	4
5271	6
5285	8
5296	2
5301	8
5314	2
5321	6
5329	6
5339	7
5365	4
5367	2
5377	6
5395	8
5399	5
5411	8
5412	7
5415	10
5425	6
5451	7
5459	9
5461	6
5469	8
5477	2
5480	7
5488	4
5491	7
5494	6
5505	6
5515	6
5583	6
5584	8
5591	8
5609	8
5615	8
5622	6
5641	6
5667	6
5678	8
5687	7
5696	10
5709	5
5716	8
5732	6
5744	10
5750	6
5760	5
5779	4
5781	4
5794	8
5798	7
5804	8
5820	6
5829	2
5836	8
5841	9
5858	7
5866	8
5875	6
5876	6
5886	8
5888	4
5891	9
5892	4
5894	4
5917	8
5944	4
5954	7
5955	2
5957	8
5978	5
5979	1
5995	5
6001	7
6010	6
6014	4
6017	6
6018	3
6074	6
6091	8
6093	4
6096	4
6128	8
6137	6
6144	6
6148	8
6179	6
6188	4
6204	4
6213	8
6245	4
6250	8
6256	10
6264	4
6294	6
6320	4
6323	2
6336	4
6352	5
6384	4
6391	6
6393	2
6415	2
6421	6
6424	6
6434	6
6443	3
6464	8
6470	7
6481	8
6497	8
6503	8
6525	6
6539	7
6550	8
6562	4
6574	4
6581	8
6582	8
6623	8
6627	4
6629	5
6633	10
6639	5
6661	8
6671	4
6676	6
6685	4
6690	4
6691	8
6696	6
6709	8
6720	6
6743	6
6745	4
6757	8
6770	7
6774	6
6804	4
6810	8
6812	10
6816	8
6817	7
6822	8
6825	6
6845	10
6857	6
6889	5
6890	7
6905	8
6941	7
6948	6
6965	6
6971	6
6973	4
6976	6
6991	8
6992	7
7012	6
7031	6
7077	6
7078	7
7091	6
7092	6
7093	10
7099	4
7127	6
7145	4
7156	7
7161	10
7174	5
7181	2
7216	4
7217	10
7225	6
7227	4
7241	6
7258	4
7262	10
7264	4
7286	8
7298	4
7302	6
7304	6
7315	8
7317	9
7332	8
7340	6
7350	8
7356	7
7376	6
7380	8
7384	8
7385	8
7396	8
7417	8
7426	7
7431	9
7472	6
7498	10
7508	6
7513	8
7520	6
7532	8
7539	6
7560	4
7561	4
7570	6
7572	5
7585	6
7587	3
7590	10
7591	7
7604	2
7612	2
7636	6
7643	10
7650	7
7678	8
7699	8
7707	10
7724	8
7728	10
7744	6
7752	6
7757	6
7758	7
7774	7
7786	5
7790	6
7795	4
7809	4
7832	10
7838	8
7849	7
7856	4
7880	4
7911	5
7920	5
7922	6
7936	10
7969	6
7972	8
7979	4
7989	6
7992	8
7997	8
8019	4
8021	1
8047	8
8050	7
8054	8
8060	8
8061	4
8083	4
8093	9
8097	7
8105	8
8109	6
8111	7
8114	8
8136	4
8152	6
8156	6
8159	6
8162	2
8173	7
8176	8
8186	10
8194	2
8198	6
8202	6
8208	3
8222	8
8228	6
8238	5
8257	6
8264	10
8265	2
8270	4
8279	4
8289	2
8297	4
8330	8
8332	6
8338	4
8354	6
8365	8
8384	2
8388	8
8411	6
8413	10
8426	8
8428	8
8432	4
8461	6
8474	8
8481	6
8488	6
8493	6
8530	5
8533	6
8573	8
8574	5
8593	4
8597	3
8603	10
8621	6
8631	6
8661	6
8676	4
8698	2
8733	4
8740	6
8745	8
8754	6
8765	10
8774	8
8779	8
8785	6
8793	7
8801	6
8807	7
8808	10
8810	6
8811	6
8812	8
8856	5
8858	3
8867	6
8871	8
8874	8
8875	8
8892	7
8902	8
8905	4
8908	1
8917	1
8930	10
8933	8
8952	8
8960	4
8973	7
8977	7
8993	5
9015	4
9043	4
9044	5
9060	8
9065	4
9079	6
9109	6
9110	6
9114	10
9117	6
9133	5
9139	6
9140	6
9141	6
9176	7
9181	5
9197	5
9212	6
9213	6
9231	4
9238	6
9241	4
9243	4
9246	3
9252	6
9258	6
9305	6
9310	8
9311	7
9325	6
9355	2
9359	3
9360	3
9375	5
9388	7
9391	10
9411	9
9462	8
9467	8
9469	7
9473	8
9474	5
9481	10
9522	6
9531	2
9547	6
9550	4
9552	6
9554	4
9561	8
9565	6
9595	6
9601	6
9614	6
9645	6
9650	8
9670	7
9672	3
9676	8
9730	8
9760	6
9772	2
9775	8
9787	7
9807	6
9823	6
9826	1
9827	2
9830	6
9841	6
9844	5
9849	6
9864	10
9867	4
9877	6
9892	6
9900	2
9903	8
9922	4
9927	4
9936	8
9939	6
9944	6
9964	5
9979	6
10013	1
10036	5
10045	3
10056	5
10063	3
10064	8
10090	4
10098	8
10111	2
10123	2
10127	2
10162	5
10171	2
10198	6
10212	8
10218	4
10238	6
10249	4
10250	4
10257	2
10281	7
10290	4
10291	4
10317	4
10324	9
10338	2
10362	8
10368	3
10378	10
10384	4
10392	6
10423	8
10444	8
10455	5
10476	6
10477	6
10503	8
10559	8
10575	4
10576	8
10620	8
10636	7
10655	8
10661	4
10674	9
10680	8
10695	4
10708	6
10713	6
10718	8
10720	8
10726	10
10737	8
10759	4
10766	6
10774	8
10791	8
10803	1
10839	2
10846	8
10856	6
10864	6
10873	8
10907	7
10919	1
10931	7
10945	6
10962	6
10963	4
11002	6
11003	7
11075	2
11080	6
11089	8
11117	5
11123	6
11139	8
11156	6
11162	8
11175	6
11204	3
11207	4
11239	4
11244	8
11248	8
11267	7
11296	10
11342	8
11345	4
11383	6
11402	8
11417	4
11434	4
11461	4
11474	2
11485	2
11506	6
11510	6
11539	2
11543	10
11561	2
11584	6
11595	5
11617	6
11638	7
11646	6
11651	8
11664	5
11685	6
11691	8
11702	4
11712	6
11719	6
11739	6
11758	2
11760	9
11762	10
11768	4
11779	2
11780	6
11805	7
11837	8
11860	6
11958	6
11962	6
11973	6
11984	6
11990	4
11994	2
11999	2
12006	7
12010	10
12016	4
12039	6
12056	6
12059	6
12069	6
12076	6
12094	8
12098	3
12111	4
12120	4
12125	6
12138	2
12152	10
12159	5
12161	6
12204	8
12207	8
12220	4
12221	8
12245	6
12248	6
12253	4
12272	2
12288	5
12298	8
12306	2
12309	3
12313	9
12331	10
12337	6
12367	4
12371	4
12377	7
12394	8
12405	8
12406	4
12413	6
12437	4
12439	6
12458	6
12464	4
12561	6
