2	10
3	7
4	10
8	1
10	8
18	4
19	6
26	6
30	10
34	10
36	6
38	6
42	8
47	10
50	10
54	8
58	8
59	8
62	6
65	8
67	10
72	6
76	10
77	8
78	8
79	6
83	6
92	10
94	8
95	6
96	10
100	7
101	6
107	8
110	6
115	8
116	10
118	8
122	8
125	6
126	8
128	10
132	6
139	6
141	6
143	10
145	6
150	6
154	5
159	6
161	1
162	8
163	6
164	10
173	10
174	6
175	4
176	6
179	6
182	8
183	10
188	6
193	8
196	8
198	8
199	10
201	10
203	6
207	6
210	6
212	2
214	8
217	8
220	10
221	6
223	10
230	10
236	4
247	8
249	7
250	6
255	8
258	10
260	6
263	8
267	7
268	6
273	9
274	6
275	6
276	5
279	9
280	10
281	6
287	4
289	8
293	8
295	8
296	8
300	8
303	7
305	10
308	6
310	8
311	10
315	6
318	4
320	10
323	6
325	2
326	8
332	10
334	10
338	6
339	8
343	6
345	6
348	10
349	10
350	8
351	4
353	6
355	10
358	6
364	10
365	8
368	6
369	4
377	10
378	6
381	10
382	6
384	10
386	8
391	8
392	6
398	10
404	6
409	10
410	6
412	2
415	6
416	10
418	6
419	6
420	4
421	8
424	6
426	7
432	8
434	10
438	10
440	6
444	10
450	10
453	10
454	8
456	6
459	4
460	8
461	4
465	5
469	10
472	8
478	4
480	6
481	8
482	4
483	10
488	6
489	10
491	3
494	4
495	10
504	6
505	10
510	8
511	10
513	8
516	8
517	6
521	4
522	8
525	2
530	10
531	8
533	8
535	8
539	10
541	10
543	7
545	8
547	10
549	8
551	10
554	7
556	6
558	6
561	9
562	10
567	8
569	10
573	8
576	8
577	6
578	6
582	4
585	4
588	6
593	8
595	10
603	6
604	2
609	10
616	10
617	4
618	10
621	7
622	9
623	6
628	8
629	4
633	7
634	4
635	8
636	7
638	8
640	8
641	6
642	10
645	6
646	6
654	8
655	8
657	8
660	7
661	8
669	6
672	6
675	7
676	8
677	8
678	10
683	7
686	6
688	2
689	8
691	8
700	6
712	10
714	8
719	6
720	8
726	6
727	10
730	10
731	8
734	8
735	6
745	10
748	10
751	6
752	10
755	6
758	10
759	6
764	8
765	8
769	8
771	10
775	8
776	8
780	10
784	6
785	8
786	8
789	10
790	8
792	6
795	8
799	8
802	6
803	8
806	8
807	8
809	8
810	10
816	6
821	9
822	8
824	4
827	8
830	10
838	9
840	6
842	6
844	10
846	8
848	10
852	6
863	8
867	8
870	8
871	2
874	6
875	8
876	10
881	10
885	8
886	6
887	10
889	6
891	5
892	10
895	8
897	8
899	6
904	8
907	10
911	8
925	8
930	8
938	10
956	10
957	8
960	6
965	2
968	10
970	6
972	10
976	8
977	8
983	8
986	10
987	6
988	4
990	8
996	6
1004	6
1008	5
1009	4
1021	4
1026	10
1028	10
1029	6
1031	10
1033	8
1038	10
1045	7
1046	8
1050	8
1052	9
1054	6
1057	8
1058	8
1059	8
1061	8
1066	10
1070	4
1072	9
1074	6
1075	6
1077	1
1078	6
1079	10
1082	10
1083	8
1084	8
1086	6
1088	6
1090	9
1094	10
1102	10
1103	10
1104	6
1108	6
1113	10
1114	8
1118	5
1123	6
1129	6
1133	10
1137	7
1143	8
1144	6
1147	6
1148	6
1155	6
1156	10
1161	8
1163	7
1165	8
1166	4
1168	6
1174	6
1176	2
1177	8
1179	8
1183	4
1186	9
1190	10
1193	6
1194	2
1198	8
1199	4
1202	4
1204	8
1211	8
1215	6
1216	10
1220	4
1224	5
1227	8
1228	8
1232	10
1243	8
1250	10
1253	8
1256	8
1257	8
1260	10
1264	8
1265	6
1268	8
1275	4
1278	5
1280	6
1283	6
1287	6
1288	8
1290	8
1294	7
1297	8
1302	3
1303	8
1305	10
1307	8
1308	8
1309	6
1319	10
1320	8
1326	10
1327	6
1329	9
1330	6
1333	10
1335	10
1340	10
1343	6
1347	4
1349	8
1352	10
1355	6
1357	6
1358	8
1363	6
1365	6
1375	6
1376	10
1377	8
1380	8
1382	6
1385	8
1390	6
1391	8
1392	3
1398	5
1399	8
1404	8
1408	7
1409	8
1413	8
1414	8
1415	8
1419	1
1420	8
1422	8
1425	8
1428	8
1433	10
1435	8
1437	6
1438	6
1440	7
1441	8
1445	10
1449	6
1453	10
1454	8
1458	10
1463	8
1466	7
1467	1
1468	10
1473	10
1474	5
1475	8
1478	10
1479	8
1482	4
1486	8
1487	8
1494	8
1499	7
1505	6
1506	8
1511	8
1514	9
1515	10
1517	10
1518	10
1528	8
1530	8
1531	7
1533	4
1537	6
1541	6
1542	2
1543	10
1548	10
1551	10
1552	8
1554	8
1560	8
1568	10
1570	10
1571	10
1573	8
1576	10
1578	8
1583	10
1584	10
1585	8
1586	10
1588	6
1589	8
1590	7
1591	10
1594	8
1598	4
1601	6
1605	10
1607	8
1612	9
1617	6
1624	8
1628	10
1630	8
1632	7
1633	7
1637	4
1640	8
1641	6
1648	10
1651	10
1664	6
1667	4
1669	10
1671	6
1683	10
1684	2
1687	8
1689	6
1692	6
1694	8
1697	8
1709	8
1711	6
1714	6
1718	5
1721	6
1722	8
1724	4
1729	6
1730	6
1731	4
1735	10
1737	8
1739	6
1741	6
1745	9
1747	6
1751	7
1756	8
1758	6
1764	10
1768	6
1769	6
1771	8
1786	10
1788	6
1793	8
1795	6
1803	10
1805	6
1807	8
1812	6
1817	8
1818	7
1819	6
1820	10
1824	8
1825	10
1826	6
1828	7
1836	8
1838	10
1842	10
1843	4
1844	8
1846	10
1848	3
1850	8
1851	10
1854	5
1855	6
1860	7
1862	10
1864	10
1865	6
1870	7
1872	6
1873	10
1876	4
1878	10
1880	4
1881	7
1882	6
1887	8
1892	1
1895	10
1896	8
1898	6
1901	8
1905	8
1906	8
1907	8
1911	6
1914	10
1915	8
1916	8
1918	8
1921	8
1933	10
1938	10
1942	10
1944	1
1955	9
1957	4
1961	6
1962	10
1963	6
1965	7
1968	10
1975	8
1976	8
1978	8
1981	9
1982	6
1984	8
1988	5
1989	8
1990	6
1992	8
1996	4
1997	6
1999	7
2001	10
2007	8
2009	8
2012	7
2019	8
2021	2
2022	8
2025	8
2026	10
2029	2
2034	9
2035	8
2036	6
2041	4
2044	10
2045	5
2046	6
2047	8
2050	6
2053	7
2054	8
2056	10
2061	6
2062	6
2065	6
2066	6
2067	8
2072	8
2077	8
2079	8
2085	8
2088	10
2090	8
2092	6
2096	8
2099	6
2114	8
2116	4
2123	10
2127	10
2132	6
2134	8
2138	2
2142	6
2143	10
2148	4
2150	8
2154	9
2159	10
2161	8
2169	8
2172	8
2173	8
2187	10
2192	8
2194	8
2196	8
2198	4
2201	8
2204	10
2207	10
2209	6
2215	8
2216	8
2218	6
2221	10
2225	10
2226	6
2227	10
2230	8
2233	6
2236	6
2237	10
2238	7
2240	10
2241	6
2246	6
2247	8
2252	6
2253	8
2259	6
2260	8
2263	8
2265	7
2266	10
2272	6
2273	10
2278	8
2282	4
2285	8
2286	6
2289	8
2294	8
2298	2
2301	7
2302	10
2304	2
2306	8
2308	10
2311	6
2312	8
2315	6
2317	8
2321	6
2324	7
2325	7
2327	8
2330	5
2335	10
2337	8
2339	8
2347	8
2349	8
2350	6
2352	8
2354	8
2355	10
2356	6
2361	9
2371	10
2377	5
2378	6
2385	8
2389	8
2393	4
2394	8
2399	8
2402	5
2404	2
2407	9
2411	8
2415	6
2416	6
2421	8
2422	8
2424	10
2425	4
2428	5
2429	7
2433	6
2434	7
2435	8
2436	10
2441	6
2442	6
2448	8
2450	10
2455	7
2457	6
2458	8
2463	8
2467	6
2468	10
2472	10
2473	10
2482	8
2484	9
2485	6
2488	8
2489	6
2491	4
2493	8
2497	4
2498	8
2500	6
2502	6
2505	8
2511	8
2515	10
2517	5
2518	6
2522	8
2525	8
2534	8
2536	5
2537	6
2538	8
2541	8
2542	7
2545	4
2547	8
2550	6
2551	10
2553	6
2556	7
2559	4
2560	4
2564	10
2565	10
2566	6
2569	10
2570	4
2575	8
2580	7
2584	9
2585	10
2596	10
2598	6
2602	8
2609	6
2611	8
2612	10
2614	8
2615	10
2619	7
2624	8
2628	6
2629	6
2634	9
2640	6
2641	10
2646	10
2650	8
2652	10
2655	10
2657	7
2659	6
2660	10
2662	5
2663	6
2665	7
2666	6
2667	8
2671	2
2674	8
2675	8
2677	6
2682	8
2686	10
2688	10
2696	10
2698	6
2701	6
2703	8
2706	8
2707	6
2709	8
2711	8
2712	6
2718	6
2720	10
2721	6
2723	6
2724	8
2725	6
2726	10
2729	6
2733	10
2735	6
2737	8
2738	10
2739	6
2742	8
2744	8
2745	8
2749	10
2751	6
2752	9
2754	6
2758	6
2765	8
2767	6
2768	6
2772	6
2775	8
2780	8
2781	8
2785	8
2787	6
2788	4
2791	10
2792	7
2794	8
2797	10
2799	6
2802	7
2804	6
2810	4
2812	6
2813	8
2814	8
2817	8
2820	9
2821	4
2822	8
2825	10
2826	8
2829	10
2830	8
2831	10
2833	8
2842	6
2843	8
2845	8
2848	6
2849	10
2852	7
2853	7
2856	10
2859	5
2860	8
2862	7
2865	8
2868	6
2871	6
2874	10
2879	1
2881	10
2882	10
2889	6
2891	8
2893	8
2897	10
2902	6
2907	8
2909	9
2915	8
2916	8
2921	8
2922	6
2923	8
2924	10
2925	10
2926	6
2928	4
2931	10
2932	8
2933	6
2936	8
2937	6
2941	10
2944	8
2946	6
