8	6
12	10
17	10
18	8
34	10
38	8
45	10
56	7
58	10
61	10
73	8
92	8
96	10
125	6
126	5
143	8
152	6
166	8
175	10
182	8
201	6
213	10
214	8
226	10
245	8
249	10
259	9
262	7
263	10
272	7
273	8
276	7
279	10
286	8
289	8
296	8
301	8
302	10
348	8
379	10
386	8
389	8
395	6
397	9
400	8
426	5
427	9
429	10
438	10
440	8
449	6
452	7
459	8
463	8
476	8
482	9
491	10
493	7
496	10
509	10
516	10
543	8
555	9
558	8
560	6
572	8
573	4
579	8
603	8
616	9
618	8
622	10
627	8
632	6
635	10
636	6
639	10
657	6
672	8
688	7
698	9
714	7
733	10
742	8
745	8
746	8
765	10
780	8
784	10
786	10
787	10
788	9
794	5
798	7
805	10
814	8
815	9
821	10
826	8
837	4
874	10
887	10
898	8
909	9
912	10
915	10
922	8
928	6
936	8
948	10
949	8
983	6
984	8
1018	8
1025	8
1033	8
1034	8
1041	6
1045	10
1047	8
1053	6
1072	9
1099	6
1120	4
1132	10
1140	8
1159	10
1163	7
1174	8
1177	10
1198	6
1206	8
1224	8
1230	8
1234	10
1240	8
1245	10
1248	8
1252	9
1256	7
1267	6
1270	9
1271	8
1288	5
1294	9
1297	8
1302	8
1305	10
1318	10
1320	6
1326	9
1327	8
1333	8
1336	2
1337	7
1355	7
1367	7
1377	6
1391	10
1392	8
1398	7
1407	10
1413	10
1417	6
1419	7
1423	8
1427	10
1433	10
1434	7
1435	10
1439	9
1440	10
1445	10
1449	8
1454	8
1478	10
1479	9
1484	8
1485	5
1496	8
1498	8
1508	8
1514	9
1516	6
1530	8
1531	9
1532	8
1536	5
1541	7
1546	6
1551	8
1571	10
1590	8
1605	8
1621	8
1629	6
1640	7
1651	8
1663	9
1668	9
1689	10
1695	4
1705	10
1709	7
1713	2
1728	9
1737	10
1748	10
1751	7
1763	10
1772	8
1774	10
1777	8
1786	9
1797	7
1798	9
1802	6
1805	6
1817	10
1828	8
1832	10
1854	9
1860	6
1862	8
1866	8
1871	8
1892	6
1907	8
1915	8
1918	6
1919	4
1926	8
1930	8
1941	10
1945	6
1965	6
1977	6
1980	8
1981	7
1988	8
2012	7
2034	9
2043	4
2044	6
2050	6
2053	7
2083	6
2094	7
2096	8
2101	10
2134	8
2141	9
2154	9
2160	8
2161	8
2162	4
2166	10
2167	8
2168	8
2174	8
2180	10
2203	10
2204	4
2215	9
2218	8
2233	8
2237	10
2254	10
2271	9
2282	6
2290	8
2291	8
2305	8
2308	10
2324	5
2325	9
2339	9
2350	6
2351	7
2356	8
2361	8
2377	4
2382	10
2385	8
2386	8
2398	10
2402	6
2414	10
2419	8
2421	6
2424	10
2428	7
2434	8
2435	8
2455	8
2462	6
2467	6
2470	7
2471	9
2484	10
2492	9
2500	8
2505	9
2510	8
2513	9
2517	7
2527	9
2536	7
2542	10
2544	8
2555	8
2556	9
2557	10
2563	6
2590	10
2592	8
2596	6
2602	8
2612	10
2641	8
2643	8
2652	8
2675	8
2679	6
2680	8
2685	10
2686	8
2692	6
2698	8
2706	9
2724	8
2727	5
2728	10
2745	10
2747	10
2748	7
2760	6
2765	8
2770	9
2784	8
2801	8
2802	9
2810	6
2812	8
2829	9
2834	6
2852	7
2853	9
2862	10
2863	6
2866	7
2883	8
2891	8
2892	8
2895	8
2900	8
2904	8
2906	7
2920	8
2929	9
2930	6
2934	8
2940	8
2950	8
2952	7
2964	9
2969	9
2987	10
2989	7
2992	6
3010	5
3019	8
3032	4
3034	8
3043	8
3045	8
3053	6
3057	9
3067	9
3073	10
3086	8
3089	9
3103	9
3104	7
3106	10
3116	10
3119	4
3139	8
3152	8
3154	10
3163	8
3164	7
3171	6
3174	7
3189	10
3204	8
3209	6
3215	6
3219	8
3220	8
3223	10
3228	8
3247	10
3257	10
3259	7
3263	10
3264	6
3265	7
3267	7
3277	7
3298	7
3299	9
3301	8
3313	10
3323	10
3324	8
3325	9
3327	10
3334	10
3336	9
3337	8
3340	9
3343	9
3350	6
3366	10
3368	8
3390	10
3411	10
3417	8
3434	8
3435	10
3438	8
3447	8
3448	8
3451	8
3475	10
3477	8
3482	6
3483	6
3484	8
3485	8
3495	7
3512	7
3525	7
3538	10
3545	6
3549	8
3556	8
3565	8
3579	8
3594	8
3595	8
3599	9
3610	8
3634	8
3635	6
3642	8
3665	8
3667	10
3691	6
3693	8
3698	10
3704	6
3761	6
3783	8
3784	8
3791	6
3810	8
3812	10
3815	2
3817	6
3828	4
3834	10
3840	8
3841	6
3849	9
3861	9
3865	10
3888	9
3898	8
3914	8
3942	8
3970	8
3976	7
3977	8
3981	10
3985	8
3986	7
3991	8
4002	8
4005	10
4007	8
4017	3
4020	8
4026	7
4030	8
4033	10
4040	6
4050	5
4059	7
4066	7
4076	10
4078	8
4090	9
4092	7
4114	9
4115	8
4118	10
4119	10
4129	8
4136	10
4153	6
4157	9
4177	2
4182	8
4183	8
4213	6
4220	8
4223	9
4229	8
4233	9
4235	6
4237	8
4241	10
4244	9
4269	8
4272	6
4283	10
4285	8
4317	8
4330	8
4335	7
4342	7
4347	10
4359	10
4364	10
4365	7
4368	8
4374	9
4379	8
4381	8
4385	9
4403	8
4422	5
4436	6
4437	6
4449	8
4459	8
4461	10
4467	8
4473	8
4474	8
4494	10
4497	8
4503	10
4509	8
4510	8
4513	8
4514	9
4517	8
4520	7
4521	8
4523	8
4526	8
4534	7
4538	10
4544	8
4549	7
4550	4
4552	9
4558	8
4574	7
4596	10
4598	10
4601	4
4612	8
4613	8
4619	5
4629	7
4642	8
4649	8
4650	8
4651	10
4657	9
4658	10
4697	9
4716	10
4725	6
4726	10
4728	9
4739	10
4752	10
4760	8
4769	8
4783	2
4784	10
4799	10
4800	5
4803	10
4812	10
4814	8
4818	10
4827	7
4834	9
4845	8
4855	6
4856	6
4863	8
4867	9
4886	9
4888	8
4939	9
4942	8
4944	6
4951	8
4954	5
4955	10
4959	8
4964	8
4965	8
4978	6
5007	10
5014	8
5017	10
5018	7
5027	10
5032	7
5035	8
5045	8
5061	9
5062	7
5099	10
5100	6
5104	8
5108	10
5110	8
5112	4
5114	7
5118	8
5129	10
5134	8
5136	8
5142	8
5150	10
5154	10
5155	8
5174	5
5177	7
5182	6
5188	6
5193	9
5208	8
5218	8
5221	8
5227	10
5231	9
5232	6
5234	9
5236	8
5238	10
5241	9
5247	8
5252	9
5262	6
5265	10
5269	8
5275	10
5279	7
5285	10
5296	8
5321	9
5336	10
5353	7
5355	9
5373	7
5383	10
5388	6
5389	10
5392	8
5396	9
5399	8
5444	10
5446	8
5451	7
5459	9
5460	8
5461	6
5467	6
5469	8
5474	8
5475	7
5477	8
5480	7
5485	7
5488	8
5489	6
5495	9
5497	8
5506	6
5507	5
5509	8
5510	8
5511	7
5525	6
5526	4
5545	7
5546	9
5552	6
5557	10
5564	8
5567	10
5574	2
5578	6
5579	8
5586	7
5591	8
5602	8
5607	10
5625	4
5627	8
5647	10
5667	9
5670	8
5672	4
5673	6
5681	9
5687	9
5703	10
5705	6
5706	10
5711	4
5714	6
5716	8
5719	9
5722	8
5738	10
5747	9
5760	5
5767	7
5778	10
5794	8
5798	6
5802	5
5806	8
5811	9
5813	10
5824	8
5828	4
5831	6
5834	10
5835	8
5836	10
5840	9
5856	10
5858	7
5861	9
5874	10
5875	8
5879	9
5886	10
5888	6
5889	10
5892	8
5902	10
5913	9
5921	7
5925	6
5933	8
5940	7
5948	8
5952	4
5954	8
5955	7
5958	10
5959	9
5964	9
5965	6
5978	8
5982	10
5983	8
6014	6
6018	7
6035	10
6039	8
6045	10
6047	10
6063	7
6070	10
6076	5
6094	6
6114	7
6119	7
6144	7
6145	8
6150	9
6158	8
6159	4
6161	8
6163	6
6166	8
6172	8
6180	10
6187	8
6188	10
6197	8
6203	10
6207	2
6209	5
6220	10
6223	8
6224	7
6227	8
6230	2
6245	8
6250	10
6253	7
6264	8
6276	6
6277	10
6289	8
6290	10
6309	10
6323	9
6336	8
6352	6
6363	7
6365	8
6369	9
6370	8
6371	8
6375	8
6376	7
6393	7
6400	10
6403	10
6406	6
6418	8
6426	8
6431	8
6434	8
6443	7
6448	10
6453	8
6456	10
6457	8
6459	8
6464	10
6477	7
6481	6
6491	9
6494	6
6498	10
6508	7
6517	7
6525	8
6528	6
6532	10
6550	8
6558	6
6562	10
6569	6
6571	7
6577	7
6582	9
6584	8
6600	7
6601	9
6610	9
6614	10
6616	9
6623	10
6628	6
6629	8
6634	6
6640	10
6646	10
6651	8
6662	7
6691	8
6696	10
6698	5
6709	7
6715	10
6716	10
6717	10
6727	7
6743	6
6746	10
6757	6
6758	7
6773	2
6790	8
6800	2
6801	10
6813	8
6814	1
6821	6
6836	10
6840	10
6845	6
6858	10
6877	4
6880	6
6889	8
6895	4
6932	7
6946	5
6949	10
6963	8
6971	10
6977	9
6985	1
6986	4
6988	4
6989	4
6992	8
7003	10
7012	5
7017	10
7018	10
7022	10
7030	10
7036	8
7039	6
7040	7
7054	7
7055	9
7056	8
7069	8
7072	8
7075	8
7077	8
7078	7
7082	8
7084	10
7088	9
7091	8
7093	10
7105	4
7109	9
7125	10
7127	7
7142	8
7145	6
7147	7
7156	7
7163	8
7171	8
7178	10
7179	10
7185	10
7186	8
7196	9
7216	8
7217	6
7251	8
7252	7
7258	9
7283	10
7286	7
7287	8
7302	8
7303	8
7304	5
7309	8
7314	8
7315	9
7323	7
7328	6
7329	8
7337	10
7350	8
7352	8
7353	6
7354	8
7356	9
7359	6
7360	10
7362	8
7365	6
7368	8
7384	8
7393	3
7410	10
7411	9
7417	8
7422	9
7426	8
7427	9
7441	8
7442	9
7461	10
7471	5
7478	7
7489	5
7495	9
7522	9
7531	8
7532	10
7546	6
