8	9
11	6
18	6
34	4
35	2
36	8
40	8
104	8
106	6
126	6
139	4
144	6
160	8
161	8
179	8
190	6
212	4
213	6
214	4
215	10
226	8
230	10
259	5
262	6
265	10
267	5
275	4
276	3
289	6
292	1
296	7
302	8
307	6
310	8
318	3
320	6
334	4
346	6
358	8
359	3
368	8
386	8
396	3
397	3
407	10
408	6
414	2
426	6
427	6
434	6
438	8
445	7
450	4
452	4
459	7
465	1
466	6
481	7
482	6
513	4
516	8
533	6
540	8
541	8
543	8
554	1
555	7
572	6
578	8
590	2
595	10
621	6
650	6
659	5
672	4
683	7
704	8
705	5
714	7
716	2
723	5
725	6
731	10
739	4
742	6
746	5
747	1
754	7
759	6
761	8
765	2
772	4
773	8
788	7
794	6
798	7
801	3
805	9
813	4
820	7
844	10
874	8
879	2
886	4
887	8
890	8
891	8
908	8
911	8
915	10
922	8
928	5
935	8
943	4
954	6
955	8
964	6
972	6
988	8
998	5
1003	8
1045	7
1077	4
1121	1
1134	6
1139	4
1140	6
1146	5
1160	9
1174	8
1176	4
1177	8
1190	4
1197	4
1198	7
1205	10
1214	8
1223	6
1256	3
1265	4
1266	8
1276	2
1288	4
1294	5
1296	6
1297	6
1302	8
1304	8
1306	1
1327	8
1333	6
1337	5
1352	2
1355	3
1360	8
1361	8
1377	8
1378	9
1392	5
1406	10
1407	6
1419	4
1430	8
1431	10
1435	7
1440	8
1466	4
1467	4
1479	6
1510	7
1514	1
1529	6
1531	6
1537	7
1558	9
1567	6
1590	1
1592	8
1621	9
1632	2
1639	6
1661	8
1667	5
1689	10
1702	10
1709	6
1712	8
1724	8
1740	6
1745	3
1750	8
1751	7
1763	6
1771	7
1781	6
1790	6
1793	5
1797	6
1805	6
1818	8
1826	8
1832	4
1846	8
1854	5
1858	6
1860	4
1879	10
1880	10
1885	5
1887	6
1891	8
1898	4
1906	6
1908	8
1915	7
1918	6
1937	8
1945	7
1953	8
1954	4
1965	7
1966	6
1981	7
1988	6
1992	8
2012	8
2013	9
2017	4
2026	8
2027	8
2034	7
2044	4
2052	6
2053	4
2064	7
2069	6
2072	4
2078	6
2084	6
2091	4
2096	2
2111	8
2134	6
2154	7
2160	8
2162	1
2167	8
2189	6
2193	4
2198	6
2203	6
2204	8
2211	8
2215	8
2233	6
2237	10
2254	8
2269	8
2281	4
2282	8
2287	7
2291	7
2294	8
2300	10
2301	2
2324	5
2350	6
2364	8
2385	6
2398	8
2402	7
2404	2
2413	9
2414	7
2424	4
2428	7
2429	7
2435	6
2448	7
2452	6
2455	4
2463	7
2466	6
2467	4
2469	4
2475	8
2492	5
2500	5
2505	5
2507	5
2513	7
2515	6
2517	5
2534	8
2542	6
2548	6
2566	6
2568	6
2570	5
2573	2
2583	2
2590	7
2601	8
2612	10
2619	6
2624	2
2632	8
2641	8
2661	6
2662	5
2675	8
2676	6
2680	6
2685	8
2686	7
2692	8
2696	8
2698	7
2706	5
2709	8
2714	6
2723	5
2745	8
2753	10
2756	6
2765	8
2770	5
2783	3
2784	5
2810	8
2812	5
2820	4
2823	6
2852	7
2853	7
2858	10
2872	8
2883	4
2887	6
2891	6
2896	10
2910	4
2920	7
2930	6
2936	7
2945	5
2952	8
2968	6
2989	8
2990	6
3015	8
3016	7
3030	8
3033	8
3039	10
3043	2
3057	8
3061	2
3063	4
3067	8
3070	8
3103	7
3104	4
3105	10
3110	4
3116	1
3119	8
3149	5
3163	6
3171	5
3174	6
3181	8
3185	2
3187	6
3190	8
3199	6
3219	8
3245	6
3255	2
3264	10
3274	8
3288	10
3298	2
3299	7
3301	2
3313	7
3325	6
3334	4
3335	8
3336	5
3350	7
3366	10
3388	2
3396	7
3417	2
3426	8
3428	6
3434	6
3449	4
3462	8
3463	7
3468	8
3476	10
3477	6
3483	6
3492	6
3494	5
3512	8
3525	4
3526	8
3573	5
3592	2
3594	4
3595	7
3624	4
3627	6
3634	6
3646	7
3667	9
3680	4
3681	6
3687	8
3691	4
3692	2
3705	8
3716	6
3761	4
3783	6
3793	3
3795	6
3810	5
3812	8
3813	2
3817	6
3829	10
3840	6
3849	6
3865	2
3901	4
3908	7
3917	1
3929	2
3934	9
3977	9
3982	9
3991	3
4012	3
4019	6
4021	7
4025	2
4033	8
4050	6
4051	4
4056	3
4059	7
4063	6
4065	6
4078	8
4080	5
4090	2
4092	4
4099	6
4112	6
4114	8
4119	4
4136	7
4153	4
4156	5
4177	6
4182	6
4183	6
4187	8
4217	6
4218	7
4223	6
4229	4
4233	7
4241	6
4251	8
4263	6
4272	4
4285	8
4322	8
4326	8
4330	1
4338	7
4341	2
4342	6
4352	10
4361	4
4363	10
4364	5
4368	6
4373	6
4374	8
4391	10
4396	6
4403	6
4419	7
4421	10
4426	4
4432	6
4437	5
4442	8
4448	5
4456	4
4457	8
4474	5
4499	7
4509	6
4513	2
4514	7
4517	8
4523	10
4534	7
4537	4
4538	10
4549	5
4550	5
4565	6
4572	4
4587	8
4589	6
4598	2
4606	7
4612	6
4615	6
4628	2
4635	4
4650	4
4657	8
4658	8
4665	6
4667	4
4685	6
4697	7
4702	6
4748	10
4766	4
4778	6
4783	2
4799	8
4812	6
4826	8
4827	5
4848	8
4862	8
4864	8
4868	6
4881	4
4885	8
4917	5
4923	6
4924	2
4928	4
4942	6
4951	5
4954	7
4956	10
4958	4
4964	4
4979	8
4982	4
5012	6
5018	6
5028	5
5032	8
5039	5
5061	6
5074	7
5078	8
5085	5
5094	10
5100	6
5103	10
5107	4
5110	10
5118	4
5122	6
5123	4
5124	7
5129	8
5134	4
5154	8
5174	4
5182	6
5187	5
5189	8
5191	8
5208	8
5217	8
5218	4
5227	7
5241	6
5246	1
5262	6
5266	6
5275	8
5279	7
5285	6
5301	6
5314	8
5329	1
5365	6
5377	2
5392	6
5396	7
5411	4
5415	2
5425	6
5447	5
5456	8
5459	3
5461	7
5467	4
5469	6
5478	8
5479	8
5485	8
5495	6
5505	6
5508	7
5509	6
5510	3
5519	10
5525	2
5542	6
5546	8
5550	8
5552	6
5559	6
5579	8
5580	3
5586	7
5591	6
5597	8
5599	1
5607	8
5625	4
5657	8
5678	6
5687	9
5694	4
5709	4
5711	6
5714	4
5716	6
5719	7
5722	6
5738	10
5745	10
5747	10
5750	8
5760	5
5767	4
5776	8
5778	4
5779	6
5787	4
5794	10
5795	6
5802	9
5807	3
5810	7
5820	8
5829	6
5831	5
5835	6
5836	8
5840	8
5843	8
5846	2
5867	1
5875	6
5876	3
5885	4
5888	4
5892	5
5902	8
5906	10
5913	8
5917	3
5920	3
5933	8
5935	7
5939	5
5942	10
5947	6
5957	10
5963	4
5969	2
5978	6
5983	8
5988	6
6009	6
6014	8
6017	6
6030	6
6043	2
6045	8
6046	1
6047	7
6054	6
6057	1
6063	3
6074	8
6077	8
6087	6
6104	6
6108	10
6113	8
6123	8
6128	6
6143	8
6148	8
6150	8
6162	7
6166	5
6178	10
6197	8
6204	7
6209	8
6214	8
6218	6
6226	8
6227	9
6232	6
6236	8
6245	6
6250	8
6253	7
6264	8
6269	4
6276	3
6277	7
6285	8
6291	8
6305	6
6315	10
6317	6
6320	8
6323	6
6339	8
6352	5
6353	7
6363	8
6376	5
6385	6
6393	7
6399	6
6406	7
6408	8
6414	10
6415	1
6416	10
6434	8
6439	6
6443	5
6459	8
6477	7
6481	7
6494	2
6495	5
6508	6
6512	8
6516	6
6532	8
6539	8
6545	6
6550	9
6562	8
6564	3
6568	8
6570	7
6571	5
6576	5
6581	8
6582	9
6605	9
6610	8
6615	6
6616	5
6624	5
6633	8
6634	8
6639	6
6656	8
6661	10
6676	8
6678	7
6685	7
6691	4
6696	8
6709	6
6717	8
6720	8
6725	7
6742	7
6743	7
6745	6
6757	6
6773	6
6790	7
6806	6
6810	8
6812	6
6814	8
6825	8
6834	8
6836	7
6841	7
6844	8
6845	4
6862	6
6867	10
6881	5
6890	7
6895	4
6919	7
6925	1
6936	6
6941	6
6948	6
6949	7
6968	6
6971	8
6980	6
6986	2
6992	7
7006	6
7007	7
7040	8
7055	9
7061	2
7072	4
7076	5
7078	2
7087	10
7091	6
7092	5
7126	8
7156	7
7160	2
7161	10
7178	8
7185	8
7186	5
7196	6
7202	7
7216	8
7217	7
7225	8
7230	3
7240	6
7247	9
7255	8
7257	4
7282	2
7286	7
7287	6
7302	4
7304	3
7317	8
7320	8
7323	8
7325	9
7332	10
7342	8
7343	7
7350	8
7352	10
7355	7
7356	8
7360	8
7380	2
7384	6
7393	7
7408	6
7410	7
7411	9
7417	8
7420	8
7423	4
7426	8
7427	9
7435	4
7448	8
7459	7
7471	3
7482	6
7490	4
7494	8
7498	10
7507	6
7508	6
7522	7
7527	8
7532	8
7534	8
7539	8
7543	2
7545	2
7554	2
7564	8
7570	6
7582	7
7585	6
7587	7
7590	10
7607	4
7610	5
7612	7
7613	6
7616	6
7622	4
7629	8
7644	6
7655	2
7658	4
7682	6
7684	6
7694	7
7699	8
7701	3
7704	5
7707	8
7708	9
7713	6
7721	8
7740	6
7749	8
7757	8
7762	5
7772	8
7774	8
7777	10
7778	7
7786	7
7795	8
7807	7
7811	10
7819	7
7820	8
7823	10
7824	6
7838	6
7840	6
7849	6
7856	8
7863	6
7864	4
7906	3
7919	7
7943	5
7950	8
7958	10
7961	4
7963	6
7966	5
7970	6
7972	6
7979	6
7986	4
7989	6
7992	10
8007	6
8018	4
8019	8
8033	10
8039	4
8041	6
8047	10
8048	6
8054	2
8058	6
8060	8
8063	7
8067	6
8073	6
8081	9
8082	7
8093	9
8097	6
8100	4
8105	8
8108	2
8109	6
8111	4
8114	6
8117	5
8122	8
8127	5
8130	8
8136	7
8140	2
8145	6
8164	6
8167	6
8168	6
8173	7
