8	8
14	5
18	7
82	7
99	4
125	8
137	10
143	8
144	5
149	6
214	6
216	6
249	9
259	7
276	4
280	10
289	6
303	5
318	9
348	8
359	6
368	8
388	10
402	6
426	6
431	10
434	10
451	8
459	7
469	8
480	6
482	10
493	9
503	9
509	10
543	7
546	8
555	8
571	6
573	8
608	3
637	9
658	7
683	8
688	8
742	6
745	6
754	7
783	3
788	9
794	5
798	8
805	10
815	8
820	7
826	8
859	4
867	8
874	7
912	10
922	8
928	9
985	6
993	10
994	10
1008	8
1018	7
1026	9
1085	8
1101	7
1160	9
1169	8
1174	8
1203	8
1209	8
1220	6
1270	8
1281	7
1302	8
1326	8
1361	10
1387	9
1388	10
1391	8
1392	10
1398	6
1407	7
1418	8
1424	8
1427	7
1440	10
1466	9
1479	6
1510	8
1514	8
1527	8
1532	6
1567	6
1590	7
1619	10
1640	8
1668	6
1724	6
1728	8
1741	8
1755	9
1774	8
1787	6
1793	7
1805	8
1818	9
1839	8
1841	7
1858	8
1860	8
1862	9
1871	7
1908	6
1918	7
1937	7
1964	10
1965	7
1988	7
2012	8
2017	9
2029	6
2034	8
2045	9
2053	7
2059	7
2084	9
2102	8
2122	7
2134	5
2162	7
2179	8
2204	6
2218	8
2237	9
2281	6
2282	4
2287	7
2294	7
2315	8
2320	8
2324	5
2325	8
2326	5
2342	8
2361	5
2385	5
2398	7
2402	7
2428	8
2429	2
2434	8
2463	7
2470	7
2471	7
2480	8
2487	5
2492	6
2510	9
2515	6
2536	5
2556	8
2563	4
2570	1
2574	6
2593	10
2612	6
2632	8
2647	6
2662	5
2680	8
2692	6
2706	8
2714	6
2723	8
2796	5
2800	6
2810	8
2812	8
2813	8
2820	6
2829	7
2852	7
2853	8
2863	5
2867	9
2879	4
2891	9
2896	10
2910	7
2920	8
2936	7
2950	10
2952	9
2964	8
2969	9
2983	10
2989	1
3005	10
3016	2
3022	10
3027	6
3034	9
3057	8
3086	8
3089	6
3104	8
3106	7
3144	4
3149	6
3170	6
3171	7
3197	7
3202	7
3207	4
3219	6
3220	8
3264	8
3274	9
3279	6
3298	6
3299	7
3304	4
3313	8
3325	5
3336	8
3337	6
3340	9
3343	8
3350	8
3359	7
3397	7
3468	8
3472	10
3477	1
3503	8
3525	6
3538	8
3579	8
3594	10
3595	8
3610	5
3611	8
3616	4
3639	8
3642	9
3646	8
3699	6
3723	10
3747	8
3784	4
3795	8
3810	8
3817	7
3835	6
3849	8
3853	8
3867	7
3878	4
3881	5
3887	10
3908	7
3937	8
3970	5
3977	8
3991	6
4021	8
4050	5
4078	6
4092	7
4104	9
4106	8
4114	9
4115	7
4129	8
4135	7
4136	10
4157	8
4177	5
4194	6
4195	8
4233	8
4244	8
4264	6
4272	6
4322	8
4333	6
4341	8
4352	4
4363	9
4368	10
4378	8
4401	8
4403	6
4419	8
4426	9
4459	7
4473	7
4503	8
4513	8
4514	8
4521	7
4526	6
4534	8
4538	10
4561	10
4601	7
4605	5
4665	6
4673	6
4688	1
4697	8
4716	8
4724	4
4812	9
4814	6
4817	6
4822	8
4827	7
4834	9
4835	6
4848	6
4864	8
4868	8
4895	6
4898	10
4918	9
4942	6
4944	8
4956	9
5012	8
5018	7
5032	8
5062	5
5104	7
5110	10
5129	10
5134	6
5160	8
5164	10
5168	7
5173	10
5174	5
5177	7
5187	8
5227	9
5231	10
5241	7
5247	2
5262	6
5266	6
5279	6
5339	6
5346	8
5392	8
5396	8
5422	5
5447	6
5451	7
5459	7
5461	5
5469	9
5485	7
5495	8
5503	8
5510	5
5511	7
5539	6
5552	4
5583	8
5586	7
5602	8
5611	1
5650	8
5667	8
5670	8
5671	6
5675	4
5678	8
5681	4
5705	10
5706	7
5715	9
5716	8
5719	8
5747	10
5760	3
5767	6
5776	7
5787	7
5802	6
5807	5
5829	4
5835	8
5836	8
5841	7
5846	3
5858	7
5861	9
5866	10
5902	8
5913	9
5932	5
5933	7
5934	9
5935	8
5940	6
5955	6
5958	4
5978	6
6014	9
6018	8
6030	5
6037	10
6042	8
6043	6
6047	8
6051	5
6064	8
6104	7
6139	9
6150	8
6163	8
6209	8
6224	7
6227	6
6232	8
6264	8
6276	6
6277	10
6281	5
6285	8
6323	10
6338	8
6352	5
6362	6
6370	7
6393	6
6415	5
6426	7
6431	7
6443	6
6460	8
6475	10
6481	6
6508	6
6532	6
6550	6
6570	8
6571	4
6581	8
6582	8
6584	7
6600	6
6610	8
6615	6
6640	10
6661	10
6669	3
6678	7
6684	2
6702	8
6716	8
6725	7
6727	6
6739	4
6757	5
6770	8
6776	5
6801	8
6836	6
6845	8
6862	7
6879	8
6890	7
6893	6
6894	10
6905	6
6919	7
6920	8
6925	10
6932	8
6933	6
6939	6
6949	8
6964	7
6965	7
6971	8
6985	4
6992	8
7035	6
7036	7
7067	8
7069	9
7072	6
7077	7
7078	8
7088	9
7105	6
7109	8
7127	8
7145	8
7196	8
7217	9
7236	8
7247	4
7267	6
7270	8
7282	8
7286	7
7291	8
7304	5
7315	6
7343	7
7350	6
7356	8
7422	9
7442	8
7471	5
7472	6
7494	9
7522	8
7529	6
7534	6
7546	9
7587	7
7591	5
7613	6
7635	8
7640	8
7646	7
7669	4
7685	8
7699	8
7728	8
7741	10
7742	8
7759	4
7774	6
7811	9
7814	9
7820	7
7824	10
7859	8
7876	7
7898	6
7943	6
7962	9
7970	8
7972	5
7979	5
8004	4
8019	6
8020	8
8041	10
8048	9
8049	9
8050	5
8058	7
8097	10
8101	7
8108	7
8127	7
8147	1
8153	8
8173	8
8198	2
8209	8
8215	8
8267	9
8288	7
8348	8
8357	8
8395	7
8423	2
8434	8
8459	7
8467	7
8475	8
8476	7
8479	8
8480	9
8518	9
8526	8
8530	8
8551	2
8573	10
8582	8
8588	9
8604	6
8610	4
8615	10
8624	6
8641	8
8642	8
8646	7
8651	8
8665	7
8682	5
8701	5
8704	9
8726	8
8734	10
8740	8
8769	10
8798	10
8811	5
8826	9
8839	7
8856	4
8864	10
8867	7
8877	7
8892	9
8898	5
8930	9
8973	9
8996	8
9000	8
9005	10
9034	7
9060	8
9065	6
9090	8
9104	8
9110	8
9117	8
9126	7
9127	9
9150	9
9151	4
9160	8
9165	8
9166	8
9176	5
9181	5
9195	9
9196	9
9204	6
9212	7
9246	4
9268	6
9275	7
9282	8
9286	7
9302	5
9311	5
9323	10
9330	6
9355	4
9359	7
9369	8
9410	6
9439	6
9451	8
9453	10
9462	8
9469	9
9473	9
9522	10
9531	6
9547	8
9567	7
9595	6
9599	6
9601	5
9618	7
9646	3
9661	5
9666	7
9679	9
9713	8
9719	6
9755	8
9787	7
9802	8
9809	9
9826	7
9827	9
9828	7
9852	10
9902	9
9910	8
9917	7
9926	8
9970	7
9979	6
9988	6
9993	7
10014	8
10025	7
10035	7
10051	6
10056	7
10063	8
10094	9
10162	7
10191	8
10197	9
10231	6
10250	10
10257	7
10281	7
10292	8
10313	6
10318	6
10324	8
10328	8
10334	7
10361	5
10362	8
10368	4
10444	9
10455	7
10462	8
10469	8
10476	8
10516	6
10537	6
10538	6
10545	8
10563	8
10619	7
10628	4
10652	8
10656	8
10662	5
10668	6
10674	7
10679	7
10680	3
10708	6
10715	7
10720	8
10739	6
10759	8
10783	8
10791	6
10795	5
10799	8
10808	7
10811	8
10821	7
10823	6
10848	6
10858	8
10873	7
10893	5
10896	8
10917	8
10919	7
10937	9
10940	8
10948	8
10963	6
10986	6
11000	6
11003	10
11033	8
11035	5
11038	8
11050	8
11052	6
11069	7
11076	8
11108	7
11113	8
11117	8
11130	7
11153	7
11165	4
11195	9
11220	6
11221	7
11239	8
11244	8
11278	8
11300	9
11323	8
11342	5
11346	10
11383	9
11388	9
11411	7
11448	2
11457	10
11469	7
11470	6
11479	10
11485	5
11490	9
11495	4
11500	9
11510	6
11514	7
11515	7
11521	8
11530	8
11535	7
11562	7
11569	6
11577	7
11595	5
11613	6
11614	10
11627	8
11638	8
11646	8
11680	6
11681	9
11712	7
11728	8
11739	6
11757	10
11760	8
11803	8
11805	8
11819	7
11825	5
11841	6
11874	10
11889	7
11898	5
11912	2
11942	9
11962	9
11984	6
11990	7
12006	10
12012	8
12013	6
12018	6
12055	6
12064	5
12080	9
12093	7
12139	7
12144	8
12150	7
12156	3
12159	7
12164	6
12186	8
12191	8
12234	8
12248	10
12249	10
12272	8
12296	6
12297	8
12306	10
12333	10
12353	8
12361	8
12367	3
12377	8
12394	8
12407	6
12425	8
12444	5
12451	7
12458	9
12460	7
12497	2
12539	7
12548	6
12561	8
12566	6
12591	2
12593	8
12621	10
12640	7
12656	4
12711	6
12747	8
12752	6
12759	3
12760	8
12771	6
12772	9
12790	8
12810	10
12811	8
12824	5
12829	6
12873	6
12900	9
12932	8
12985	8
12986	8
12987	6
13015	4
13067	6
13091	7
13098	7
13114	5
13122	6
13140	9
13164	7
13184	4
13189	8
13203	6
13274	8
13281	7
13290	7
13303	9
13304	8
13330	7
13343	6
13352	7
13409	5
13410	8
13418	10
13443	9
13459	10
13468	7
13476	6
13502	8
13541	6
13560	10
13564	9
13583	7
13597	7
13603	8
13605	8
13614	5
13615	6
13624	6
13631	6
13635	8
13666	7
13669	7
13679	9
13693	8
13694	3
13700	7
13701	10
13710	6
13716	6
13763	6
13768	8
13775	8
13804	9
13808	3
13828	9
13832	7
13839	9
13840	7
13841	6
13855	8
13858	8
13867	4
13876	8
13900	3
13903	4
13920	8
13927	9
13938	8
13955	8
13970	9
13989	8
14009	9
14047	6
14059	4
14076	8
14099	7
14114	7
14134	7
14140	7
14155	6
14170	7
14199	4
14265	6
14269	8
14285	6
14327	6
14353	9
14357	7
14385	8
14422	8
14432	10
14463	6
14474	7
14482	6
14498	6
14508	8
14541	7
14542	8
14549	7
14565	8
14570	6
14574	9
14578	5
14590	7
14597	8
14636	6
