8	6
9	10
34	4
36	8
41	6
44	10
65	4
78	9
96	8
112	6
137	6
139	8
143	10
144	8
182	8
192	8
196	8
203	8
212	8
214	8
215	8
226	10
229	6
253	8
272	8
275	10
276	6
289	8
292	7
296	7
301	10
304	5
310	6
318	6
334	8
345	10
351	6
353	7
357	8
368	10
400	8
407	8
408	10
419	8
426	6
427	8
433	6
440	2
450	8
479	6
480	8
485	6
493	6
496	4
497	5
508	7
513	8
529	6
541	8
543	6
545	7
550	10
552	8
555	7
558	9
573	4
580	10
585	10
606	10
618	8
621	9
627	8
634	6
642	8
643	6
657	10
665	5
672	6
678	6
695	6
705	7
714	7
716	10
739	8
741	8
745	6
747	3
754	8
757	6
761	5
766	6
783	10
796	8
797	10
809	4
820	9
824	4
829	10
834	8
840	10
859	5
863	10
865	7
867	6
886	6
905	8
906	7
910	9
926	9
949	8
953	8
966	8
971	8
977	4
980	6
988	6
1005	6
1020	8
1023	6
1033	6
1048	7
1058	8
1060	6
1129	10
1132	9
1139	8
1143	10
1144	8
1146	9
1185	6
1191	6
1214	7
1224	10
1237	8
1256	7
1265	2
1270	8
1274	8
1288	2
1294	7
1297	8
1302	6
1305	10
1320	4
1333	6
1348	10
1352	10
1355	8
1377	8
1378	7
1395	4
1401	8
1408	7
1422	6
1431	6
1434	2
1451	6
1454	8
1485	8
1496	10
1499	4
1502	6
1527	8
1531	7
1532	7
1534	10
1536	6
1541	6
1545	6
1552	8
1567	10
1569	6
1578	4
1579	8
1621	8
1624	8
1637	8
1638	8
1650	8
1654	10
1656	10
1681	8
1689	8
1701	10
1702	8
1709	4
1724	10
1737	10
1750	3
1751	6
1762	8
1771	9
1811	10
1817	10
1860	5
1861	6
1870	8
1880	8
1881	6
1883	8
1887	8
1888	8
1891	8
1904	8
1906	4
1907	9
1910	8
1913	6
1918	8
1926	8
1937	8
1944	9
1945	8
1955	3
1960	10
1965	8
1981	8
1986	10
1988	7
2005	10
2023	10
2034	7
2038	5
2039	10
2050	6
2053	7
2066	10
2069	10
2081	8
2090	10
2091	9
2093	8
2099	8
2107	10
2115	4
2129	8
2130	8
2134	6
2152	10
2156	8
2157	8
2180	8
2194	8
2197	8
2204	8
2215	8
2233	10
2243	6
2258	9
2267	8
2275	10
2281	6
2287	9
2301	5
2304	10
2330	9
2361	6
2385	10
2396	10
2401	8
2402	5
2404	10
2414	10
2424	2
2425	8
2429	8
2434	7
2435	10
2438	10
2448	7
2467	6
2481	10
2485	6
2500	10
2504	8
2515	10
2517	9
2522	6
2534	10
2540	8
2545	7
2548	10
2553	6
2556	6
2566	8
2574	9
2596	8
2601	10
2612	7
2613	6
2621	6
2622	10
2624	10
2641	8
2642	6
2649	8
2661	8
2662	5
2686	6
2692	7
2695	8
2696	10
2698	9
2709	8
2720	8
2729	10
2732	8
2747	10
2752	7
2764	8
2765	8
2770	10
2780	10
2798	8
2813	8
2821	10
2828	10
2829	8
2852	7
2857	8
2858	10
2872	8
2879	5
2890	8
2891	8
2899	4
2906	10
2910	10
2925	6
2936	7
2939	8
2942	8
2955	8
2975	7
2991	9
3001	6
3004	8
3006	9
3010	9
3011	7
3014	8
3016	8
3020	10
3022	8
3030	6
3031	8
3041	8
3044	6
3061	8
3067	8
3070	6
3084	10
3086	7
3089	6
3091	10
3103	10
3104	6
3110	7
3116	6
3117	8
3129	10
3145	6
3159	8
3163	4
3170	8
3174	7
3182	8
3185	8
3190	9
3197	6
3219	6
3220	8
3221	8
3222	6
3227	8
3244	8
3245	6
3254	8
3257	10
3264	8
3265	4
3270	6
3285	8
3301	6
3309	8
3311	2
3337	7
3346	2
3350	8
3359	6
3366	6
3368	9
3393	6
3414	8
3418	4
3420	8
3426	8
3427	10
3434	7
3448	10
3463	6
3464	9
3466	8
3475	10
3484	8
3485	8
3494	6
3502	6
3504	6
3512	7
3525	6
3539	6
3544	6
3554	8
3556	8
3562	10
3565	8
3583	6
3592	8
3617	10
3634	6
3635	5
3645	10
3646	8
3652	6
3678	10
3681	8
3691	8
3705	8
3706	9
3721	8
3727	10
3729	10
3730	9
3755	8
3761	8
3778	8
3783	8
3784	5
3793	4
3795	10
3805	8
3810	8
3816	6
3817	6
3828	10
3830	9
3843	9
3847	8
3853	7
3858	6
3880	8
3920	8
3941	4
3977	10
3991	6
4001	7
4007	4
4009	8
4010	2
4019	8
4040	6
4043	2
4044	10
4051	4
4052	8
4078	6
4098	10
4102	4
4107	6
4135	6
4149	8
4153	8
4163	7
4174	6
4177	9
4182	10
4191	2
4192	8
4197	8
4203	8
4213	7
4218	7
4220	8
4222	10
4227	6
4229	6
4250	6
4251	8
4257	8
4258	7
4285	6
4300	7
4302	8
4317	6
4328	8
4330	8
4333	8
4338	9
4350	10
4353	6
4359	9
4364	10
4368	6
4381	7
4395	8
4396	6
4401	7
4403	8
4404	8
4413	6
4436	8
4441	4
4445	6
4448	6
4461	10
4466	4
4469	6
4474	6
4475	8
4487	8
4496	8
4501	8
4513	6
4517	4
4523	8
4525	8
4549	8
4554	10
4557	6
4578	6
4598	4
4610	10
4612	8
4623	9
4635	8
4642	8
4647	8
4657	7
4658	10
4664	10
4665	8
4667	8
4681	10
4688	6
4715	6
4724	10
4734	6
4766	10
4783	4
4795	8
4815	6
4822	7
4823	6
4827	8
4835	8
4841	7
4842	1
4856	7
4861	5
4867	8
4882	8
4888	8
4893	8
4899	9
4903	8
4907	6
4910	6
4942	8
4948	8
4951	6
4973	4
4982	8
4988	8
5000	6
5012	6
5016	8
5027	10
5035	8
5039	6
5044	8
5045	6
5062	6
5078	8
5085	8
5089	6
5100	8
5102	8
5107	8
5108	4
5109	7
5112	10
5116	10
5118	8
5130	7
5134	10
5142	8
5155	6
5168	6
5174	4
5192	10
5217	10
5221	6
5226	6
5232	7
5238	10
5244	10
5247	9
5258	10
5262	8
5277	5
5290	10
5334	8
5344	10
5353	8
5384	6
5390	8
5396	9
5425	6
5438	8
5457	8
5465	6
5467	8
5474	9
5477	10
5480	5
5483	8
5488	10
5495	7
5510	5
5515	6
5546	9
5578	6
5579	10
5592	8
5600	7
5601	8
5604	6
5631	6
5641	6
5653	8
5661	8
5670	9
5678	6
5694	10
5711	10
5714	6
5720	6
5730	10
5744	8
5760	8
5767	7
5772	8
5779	10
5794	8
5810	3
5823	6
5824	6
5829	4
5830	4
5835	8
5840	9
5865	8
5867	9
5888	6
5889	10
5892	7
5898	7
5900	10
5913	9
5917	7
5932	2
5933	8
5947	8
5952	2
5954	9
5955	8
5965	7
5974	6
5981	8
5998	8
6014	8
6018	7
6027	8
6030	7
6043	6
6051	7
6054	8
6055	6
6066	8
6070	10
6087	3
6103	10
6115	6
6117	9
6124	8
6128	6
6137	6
6144	8
6157	8
6161	8
6188	7
6214	10
6220	8
6226	6
6245	8
6246	10
6253	7
6259	9
6273	8
6275	10
6276	6
6280	10
6283	10
6285	8
6293	8
6298	6
6317	7
6332	8
6335	6
6337	10
6351	6
6352	8
6353	10
6357	8
6369	1
6370	8
6387	10
6393	7
6403	8
6408	8
6423	10
6424	8
6426	8
6431	8
6442	10
6443	8
6447	10
6465	8
6470	6
6477	7
6481	7
6498	8
6501	2
6508	7
6512	8
6514	8
6517	6
6557	7
6562	10
6569	8
6581	10
6587	8
6589	9
6590	10
6603	8
6605	8
6610	7
6624	8
6628	6
6637	6
6671	4
6673	10
6678	6
6698	6
6715	10
6717	9
6725	9
6743	6
6745	8
6757	5
6761	8
6763	10
6782	3
6785	7
6794	8
6800	8
6812	8
6813	8
6814	7
6829	8
6834	7
6836	5
6845	4
6851	6
6853	7
6860	5
6865	8
6879	10
6890	10
6905	8
6923	6
6932	9
6948	10
6949	10
6953	8
6992	8
7001	10
7023	8
7031	8
7038	10
7052	6
7061	4
7078	5
7083	10
7092	6
7108	8
7127	7
7131	10
7134	10
7145	6
7161	10
7181	6
7196	8
7203	7
7211	3
7213	8
7216	6
7217	6
7225	6
7245	6
7282	8
7295	5
7302	4
7303	8
7304	9
7312	10
7313	6
7315	6
7319	8
7321	8
7329	7
7350	8
7356	8
7358	6
7359	4
7360	6
7362	8
7366	7
7372	8
7376	6
7384	6
7385	6
7396	10
7461	8
7463	6
7471	2
7472	6
7510	7
7522	8
7532	8
7534	8
7537	6
7539	8
7564	8
7570	8
7571	8
7591	7
7602	10
7609	6
7612	8
7618	8
7633	8
7655	10
7658	6
7660	8
7675	8
7676	10
7681	8
7694	7
7706	10
7707	10
7713	7
7727	6
7736	5
7757	8
7765	6
7767	8
7774	7
7789	7
7795	8
7809	8
7819	8
7849	6
7856	10
7867	8
7875	8
7902	8
7903	7
7909	8
7917	6
7936	8
7937	8
7949	4
7954	8
7970	9
7972	7
7979	7
7981	6
7989	8
8019	6
8025	4
8042	7
8055	10
8060	8
8066	9
8075	10
8087	6
8097	10
8098	6
8101	7
8106	7
8110	8
8114	6
8116	8
8127	9
8140	8
8145	6
8153	7
8156	6
8173	7
8181	6
8198	8
8213	6
8215	9
8221	8
8232	8
8235	6
8236	8
8237	7
8239	7
8240	9
8248	9
8250	4
8263	8
8274	8
8275	8
8297	6
8305	6
8306	6
8317	5
8319	6
8320	6
8323	8
8325	6
8328	8
8330	8
8338	8
8344	8
8365	4
8372	8
8375	10
8378	8
8400	10
8404	10
8418	6
8430	6
8459	8
8461	8
8467	8
8470	9
8474	8
8475	7
8476	8
8479	8
8493	10
8508	8
8513	8
8566	4
8574	9
8579	6
8606	6
8610	7
8618	4
8636	8
8651	9
8661	8
8666	8
8676	4
8677	8
8679	8
8682	6
8690	10
8692	6
8732	8
8734	8
8736	10
8737	5
8739	6
8754	7
8765	10
8774	9
8784	6
8796	8
8801	8
8806	4
8808	7
8811	8
8817	8
8820	10
