1	10
4	10
8	6
19	10
22	8
26	10
30	10
34	8
36	10
38	8
41	8
42	6
43	8
50	6
54	6
56	10
62	6
65	8
67	8
72	8
73	10
77	8
82	10
86	10
88	9
89	8
94	6
95	8
100	6
101	8
102	6
103	6
106	10
111	6
116	10
122	8
125	6
126	7
131	2
135	8
141	6
143	8
144	8
145	6
148	8
151	10
158	8
162	9
163	2
164	6
168	8
172	6
173	8
175	10
182	8
183	10
190	8
192	6
193	6
196	8
198	8
199	10
203	8
207	6
208	6
209	8
212	2
214	10
215	9
216	10
217	6
219	8
221	9
230	8
232	8
236	10
246	6
247	8
255	6
259	8
263	9
264	8
273	9
274	10
275	8
276	6
281	6
287	4
290	8
292	7
293	8
294	10
298	6
302	8
305	8
307	4
308	6
311	6
314	8
315	4
318	7
320	8
321	8
326	8
332	10
334	8
340	6
343	6
345	8
346	10
348	8
349	6
351	8
354	10
355	8
358	7
359	5
364	6
368	8
369	4
379	8
381	8
382	8
384	6
389	7
390	8
391	6
392	8
398	8
400	8
404	6
410	6
415	8
416	10
418	10
419	4
421	8
424	8
426	6
428	10
431	8
432	8
434	6
436	6
444	8
446	8
450	8
452	6
453	8
454	8
456	8
460	8
469	10
472	10
476	9
477	8
478	4
481	8
482	6
485	6
493	9
495	6
501	8
503	8
505	8
506	6
507	6
510	6
513	6
516	8
517	8
525	4
527	10
529	2
530	6
531	6
533	8
535	5
536	8
539	8
541	8
543	8
545	7
547	8
549	8
556	2
558	8
562	10
567	8
569	8
574	8
578	4
581	10
585	6
587	5
588	8
593	8
600	9
601	10
605	6
608	4
609	8
616	8
617	8
621	6
623	6
627	8
629	10
633	5
634	10
636	5
643	8
645	6
646	8
650	10
654	6
655	6
656	6
657	6
659	4
661	6
662	6
669	10
672	4
677	8
678	6
683	5
689	10
691	10
693	10
694	10
695	6
700	4
701	8
712	6
714	7
715	6
716	8
719	8
720	8
726	6
729	10
730	6
734	6
741	10
742	8
743	8
751	10
752	8
755	6
758	8
759	10
761	6
769	6
771	8
773	6
775	10
780	8
783	8
784	8
786	2
788	8
789	8
790	6
792	2
797	6
798	7
799	10
806	6
807	10
810	6
812	8
816	6
823	10
827	8
834	8
839	4
842	10
846	6
851	7
852	8
859	8
862	8
865	9
867	10
870	6
874	8
875	6
881	10
885	8
887	6
889	6
891	6
892	6
895	6
902	10
905	8
911	6
915	8
928	7
930	8
936	8
942	10
946	10
956	8
960	6
965	2
966	8
971	8
972	8
976	6
983	4
986	8
988	6
990	8
1001	8
1004	7
1005	8
1008	8
1011	8
1018	6
1021	8
1025	10
1026	10
1029	6
1030	9
1033	8
1038	10
1045	9
1047	8
1050	6
1057	6
1058	8
1059	8
1060	8
1061	10
1066	10
1067	4
1068	9
1072	6
1074	8
1075	6
1077	5
1078	8
1079	8
1082	10
1085	8
1094	6
1104	4
1119	10
1125	8
1126	10
1129	6
1137	7
1139	8
1142	8
1143	10
1147	6
1149	2
1152	6
1156	6
1159	6
1160	9
1163	9
1165	6
1166	6
1168	6
1171	8
1174	7
1176	6
1177	8
1179	6
1180	10
1182	6
1185	10
1186	5
1191	10
1193	6
1194	2
1197	10
1204	8
1211	8
1220	10
1224	6
1226	10
1227	6
1228	10
1232	10
1234	8
1238	10
1242	8
1243	10
1249	6
1252	8
1253	8
1257	6
1261	8
1265	6
1269	10
1271	7
1277	8
1287	6
1288	8
1290	8
1292	6
1294	5
1302	6
1309	6
1314	8
1320	8
1326	6
1327	8
1330	6
1331	8
1333	6
1335	8
1339	2
1348	10
1349	8
1355	6
1357	6
1358	8
1363	8
1364	8
1367	7
1368	6
1375	8
1376	2
1377	6
1378	6
1380	6
1382	6
1385	6
1388	10
1389	8
1391	10
1392	6
1399	6
1401	6
1403	6
1404	4
1407	8
1408	6
1409	6
1413	8
1414	6
1415	6
1419	6
1420	2
1422	10
1423	8
1425	8
1426	8
1427	5
1428	8
1431	4
1433	8
1435	5
1437	8
1438	8
1453	6
1460	6
1462	10
1463	6
1467	1
1468	8
1470	8
1471	6
1473	6
1475	8
1477	8
1479	6
1486	8
1487	8
1496	10
1502	8
1506	8
1510	7
1519	6
1522	6
1527	7
1528	10
1533	4
1534	10
1538	6
1542	2
1543	6
1544	8
1548	8
1551	10
1552	6
1555	10
1557	4
1558	10
1567	10
1570	6
1571	10
1576	6
1583	6
1584	8
1585	10
1590	6
1591	8
1598	8
1601	6
1605	10
1607	8
1624	8
1625	7
1628	8
1630	8
1633	6
1635	6
1640	8
1641	6
1647	8
1648	6
1654	10
1658	8
1663	7
1667	5
1677	10
1680	10
1683	6
1684	8
1685	8
1687	8
1689	8
1692	4
1697	7
1699	8
1702	6
1706	8
1711	8
1714	8
1721	8
1722	8
1724	6
1729	8
1730	8
1735	6
1741	7
1742	6
1743	8
1745	6
1750	9
1751	7
1755	6
1756	2
1758	6
1759	8
1763	4
1764	10
1766	8
1768	6
1769	8
1771	7
1774	10
1780	6
1787	4
1788	6
1793	8
1795	6
1796	10
1799	6
1805	8
1811	9
1812	6
1817	8
1818	8
1819	4
1820	10
1824	6
1826	4
1829	6
1830	6
1835	10
1836	8
1837	8
1839	8
1843	2
1844	6
1846	8
1848	8
1854	8
1861	4
1862	7
1863	6
1865	4
1870	7
1872	6
1873	6
1877	10
1880	8
1881	5
1882	6
1887	8
1888	10
1890	8
1891	8
1897	4
1904	7
1905	6
1906	8
1907	7
1908	7
1915	6
1916	6
1918	5
1927	10
1932	7
1933	6
1937	9
1938	8
1944	8
1961	6
1963	6
1965	8
1966	10
1968	6
1970	6
1973	10
1975	8
1980	8
1986	10
1989	6
1992	8
1996	10
1997	6
2001	2
2002	8
2007	6
2009	4
2012	7
2013	10
2018	6
2020	6
2023	4
2026	10
2028	8
2031	6
2034	7
2035	8
2036	4
2037	10
2039	8
2044	4
2045	9
2046	8
2047	8
2049	8
2050	6
2053	8
2054	8
2056	8
2059	7
2061	8
2062	6
2064	6
2065	6
2067	8
2069	10
2070	6
2079	10
2081	10
2084	8
2090	10
2093	6
2095	8
2097	8
2102	8
2103	10
2111	10
2113	8
2119	8
2122	5
2132	10
2134	8
2138	6
2143	8
2144	6
2148	6
2152	10
2154	7
2161	6
2162	5
2165	8
2168	6
2169	8
2172	8
2173	10
2176	8
2179	9
2187	6
2204	5
2207	6
2213	6
2214	8
2216	6
2218	7
2221	8
2225	10
2226	8
2227	10
2233	4
2236	6
2237	8
2246	10
2252	10
2255	10
2257	8
2261	4
2263	10
2264	10
2266	6
2270	2
2273	10
2275	8
2276	10
2278	8
2281	5
2285	10
2288	6
2289	6
2291	5
2296	8
2300	8
2302	10
2304	6
2307	10
2311	6
2312	8
2315	7
2317	8
2321	8
2324	7
2325	5
2328	6
2330	9
2335	8
2336	8
2337	6
2339	8
2357	10
2361	8
2364	2
2370	6
2371	6
2375	8
2378	6
2385	8
2387	8
2389	8
2393	6
2394	6
2398	10
2399	10
2401	7
2404	8
2407	9
2411	6
2415	10
2417	8
2419	4
2422	4
2428	7
2429	9
2434	8
2435	8
2436	8
2437	8
2439	8
2442	8
2445	8
2448	8
2455	5
2457	4
2458	4
2466	6
2467	4
2471	7
2472	10
2480	8
2482	6
2483	6
2484	6
2486	10
2488	8
2489	6
2492	9
2497	2
2498	6
2500	8
2502	8
2507	5
2511	2
2513	8
2515	8
2517	9
2522	6
2525	8
2527	5
2529	8
2534	8
2537	6
2538	10
2539	10
2541	4
2544	8
2547	8
2549	10
2551	10
2560	6
2565	8
2566	6
2570	5
2572	6
2574	7
2575	10
2577	8
2581	6
2585	8
2604	7
2609	8
2610	10
2612	8
2614	6
2619	6
2620	6
2624	10
2627	7
2629	6
2632	9
2640	6
2642	8
2646	6
2648	6
2649	8
2653	7
2655	8
2656	6
2659	4
2662	4
2667	8
2674	6
2676	7
2680	8
2686	8
2694	10
2696	10
2700	6
2701	10
2706	7
2711	8
2714	6
2716	10
2725	10
2727	10
2732	8
2733	8
2735	8
2737	6
2738	8
2739	6
2744	8
2745	8
2746	10
2747	8
2749	6
2750	2
2756	6
2762	10
2764	10
2765	8
2767	6
2768	6
2769	10
2770	10
2772	10
2777	8
2783	6
2784	6
2785	9
2787	8
2788	8
2796	3
2798	6
2799	6
2803	8
2804	8
2810	8
2812	5
2813	9
2817	6
2820	6
2821	8
2823	8
2824	8
2825	8
2829	8
2830	10
2833	10
2834	8
2843	8
2845	6
2847	8
2849	6
2852	7
2856	6
2858	8
2859	8
2862	8
2868	8
2869	8
2879	1
2882	6
2888	10
2890	7
2891	10
2895	6
2907	6
2908	8
2909	8
2911	10
2914	8
2916	8
2920	6
2921	6
2922	8
2923	10
2926	4
2931	10
2932	6
2936	7
2937	8
2941	10
2946	8
2959	2
2963	6
2964	6
2971	4
2974	6
2976	6
2979	10
2981	8
2983	10
2986	8
2992	6
2993	10
2994	6
2998	8
3000	8
3004	8
3008	8
3009	8
3010	9
3012	10
3013	10
3014	6
3015	8
3016	9
3019	10
3022	6
3023	8
3024	10
3026	10
3027	10
3029	6
3030	10
3033	8
3035	6
3039	8
3040	10
3044	8
3046	8
3051	6
3052	6
3053	8
3057	8
3059	8
3061	4
3065	6
3067	8
3069	6
3070	6
3073	10
3074	6
3076	10
3079	6
3082	6
3083	8
3084	8
3086	7
3089	8
3093	6
3094	6
3102	2
3104	5
3108	6
3116	7
