8	6
34	4
36	6
65	8
83	6
116	10
131	4
139	6
144	2
228	6
232	4
268	8
272	1
276	3
279	6
290	8
298	6
308	10
318	7
331	3
332	6
334	6
345	4
353	3
359	2
391	6
398	6
410	8
418	6
428	8
430	8
432	6
436	6
456	8
459	4
471	10
472	6
481	6
504	6
505	6
517	6
530	8
534	6
536	6
554	1
555	6
556	6
561	5
562	6
567	6
569	2
581	6
601	6
623	6
640	5
645	6
661	8
677	6
683	2
684	6
691	8
719	8
742	4
743	6
754	6
769	4
775	6
786	2
794	5
805	8
810	6
862	8
870	6
881	6
887	6
889	6
922	8
955	6
983	3
986	4
987	6
994	5
995	7
1005	6
1018	6
1023	4
1030	8
1038	10
1050	6
1053	4
1059	4
1061	6
1068	6
1075	6
1090	5
1103	6
1113	10
1139	5
1140	6
1143	6
1147	6
1156	6
1174	6
1177	6
1183	6
1204	4
1214	3
1226	8
1227	2
1228	6
1242	8
1249	6
1256	4
1259	4
1265	6
1278	3
1288	3
1290	8
1309	6
1316	3
1327	6
1335	10
1361	8
1373	4
1377	4
1389	8
1409	6
1419	4
1422	4
1427	5
1467	2
1468	6
1474	2
1479	6
1499	2
1509	4
1510	8
1511	8
1536	6
1542	2
1558	4
1570	8
1585	8
1591	8
1618	8
1632	5
1639	4
1648	6
1656	5
1658	6
1677	8
1689	8
1699	10
1709	4
1738	6
1742	4
1750	7
1759	6
1802	6
1805	6
1818	7
1819	6
1835	8
1837	6
1854	2
1875	2
1877	10
1878	6
1880	4
1887	6
1890	6
1915	3
1918	4
1942	8
1964	7
1968	6
1979	6
1996	10
1999	3
2034	4
2044	6
2049	8
2054	6
2059	6
2062	6
2084	8
2090	6
2094	6
2108	7
2122	5
2132	8
2141	9
2142	6
2154	7
2169	6
2173	6
2176	6
2182	7
2201	4
2225	6
2227	10
2237	6
2238	8
2254	6
2266	6
2271	7
2275	8
2282	5
2291	6
2304	4
2306	6
2317	10
2321	10
2335	8
2336	8
2364	2
2375	6
2378	6
2387	6
2402	1
2411	8
2434	7
2442	6
2445	4
2467	6
2488	6
2498	8
2505	3
2507	3
2523	3
2537	8
2541	10
2547	6
2578	1
2581	8
2612	8
2618	4
2619	6
2628	6
2632	6
2633	2
2634	7
2638	9
2642	8
2648	6
2662	3
2667	8
2701	6
2714	6
2725	6
2745	6
2756	3
2762	8
2769	6
2787	10
2797	10
2812	6
2817	6
2833	6
2845	4
2852	7
2891	7
2908	8
2916	6
2920	7
2921	6
2935	3
2946	6
2958	2
2963	8
2976	6
2989	6
2993	10
2998	6
3009	8
3013	6
3016	10
3022	6
3030	4
3033	8
3052	6
3057	6
3059	8
3076	10
3083	8
3089	6
3108	8
3121	6
3137	4
3142	6
3149	3
3170	6
3183	3
3186	8
3207	6
3213	6
3219	4
3222	4
3240	6
3247	4
3274	6
3280	4
3285	8
3286	8
3290	8
3306	6
3308	4
3321	6
3325	4
3336	4
3343	5
3346	4
3354	10
3376	6
3383	4
3389	6
3396	3
3398	6
3399	8
3405	6
3413	6
3428	2
3443	8
3452	6
3492	8
3495	5
3518	6
3550	8
3577	6
3595	7
3599	6
3605	10
3606	10
3609	6
3643	10
3646	4
3665	5
3693	6
3694	6
3712	6
3722	2
3727	6
3731	6
3736	8
3738	8
3756	6
3760	6
3765	6
3769	4
3780	4
3793	3
3794	6
3795	6
3797	1
3802	5
3810	1
3817	5
3826	6
3840	4
3842	4
3845	6
3855	6
3865	10
3870	6
3882	6
3885	10
3888	6
3891	8
3895	4
3901	6
3924	6
3926	6
3949	6
3950	8
3958	2
3979	10
4012	5
4031	10
4035	6
4057	6
4063	7
4065	8
4078	6
4092	5
4153	4
4166	6
4177	2
4187	10
4189	8
4206	6
4211	6
4227	6
4233	2
4235	6
4245	6
4269	8
4318	5
4333	5
4343	6
4353	4
4368	8
4383	8
4389	6
4426	1
4432	5
4443	8
4446	4
4447	10
4460	4
4468	6
4475	4
4487	4
4494	9
4497	6
4505	6
4509	6
4514	4
4517	6
4518	6
4528	6
4534	1
4538	8
4552	6
4554	6
4560	7
4578	6
4612	5
4615	6
4669	6
4674	6
4717	6
4746	10
4748	8
4749	10
4751	6
4763	6
4768	7
4769	5
4807	2
4812	7
4814	6
4819	6
4824	6
4834	6
4843	6
4848	6
4849	6
4857	10
4859	6
4864	6
4888	6
4891	2
4898	7
4906	6
4931	8
4935	6
4954	5
4966	10
4984	10
4992	6
4997	5
5009	8
5021	6
5023	6
5029	2
5052	8
5068	6
5074	6
5081	6
5085	4
5101	6
5110	7
5113	8
5117	4
5123	4
5127	6
5134	4
5150	5
5174	3
5178	4
5194	8
5224	10
5232	4
5238	8
5266	4
5272	6
5279	7
5297	6
5305	6
5315	6
5316	6
5323	8
5343	2
5348	8
5386	8
5392	6
5396	6
5416	10
5417	6
5431	6
5433	4
5466	6
5479	8
5495	5
5498	8
5503	2
5532	6
5558	6
5564	5
5569	4
5591	6
5599	6
5601	6
5602	4
5611	3
5634	2
5639	6
5650	8
5662	8
5667	7
5676	8
5678	6
5681	2
5705	3
5707	2
5709	2
5711	10
5716	4
5743	6
5760	4
5780	6
5794	6
5797	8
5799	8
5820	4
5823	10
5835	6
5836	7
5858	6
5877	6
5879	5
5884	4
5935	5
5949	6
5950	2
5960	8
5963	7
5973	6
6014	4
6017	4
6030	5
6042	7
6046	1
6047	8
6053	6
6057	1
6059	6
6067	7
6076	5
6083	8
6092	8
6104	6
6106	6
6114	5
6147	6
6150	5
6163	2
6184	2
6211	8
6227	7
6245	2
6250	8
6260	4
6277	5
6281	5
6287	6
6329	6
6332	4
6336	6
6344	5
6349	4
6367	8
6378	8
6380	6
6382	10
6393	7
6414	2
6415	1
6438	4
6445	6
6462	8
6494	6
6505	8
6508	6
6518	6
6526	6
6532	6
6534	6
6540	1
6544	8
6554	4
6556	6
6570	6
6579	4
6581	6
6584	4
6605	5
6631	8
6654	4
6656	8
6679	8
6680	2
6701	10
6710	8
6736	6
6739	6
6743	6
6746	7
6757	6
6793	4
6798	6
6799	6
6810	8
6815	8
6817	2
6823	4
6842	6
6845	7
6851	10
6867	8
6888	2
6902	8
6909	2
6923	4
6925	1
6937	6
6938	6
6953	4
6954	6
6971	6
6983	5
6984	6
6992	6
6993	5
6996	8
7001	8
7007	4
7020	6
7035	2
7037	4
7041	2
7056	8
7070	2
7103	8
7123	8
7131	4
7146	4
7157	6
7161	6
7196	7
7208	10
7217	6
7223	6
7226	4
7247	5
7270	5
7289	6
7290	6
7310	6
7317	6
7319	6
7320	6
7380	6
7383	6
7393	6
7410	6
7417	8
7420	6
7421	4
7427	4
7471	4
7473	6
7495	6
7496	6
7529	1
7539	8
7542	8
7559	6
7582	7
7587	6
7600	6
7615	6
7618	5
7626	6
7645	4
7658	4
7669	5
7707	4
7713	2
7727	6
7740	4
7745	8
7756	10
7758	7
7762	7
7763	6
7766	6
7767	6
7768	2
7770	6
7774	5
7798	10
7801	8
7811	6
7812	6
7814	3
7824	6
7837	6
7838	7
7854	6
7855	8
7880	2
7893	3
7895	8
7911	5
7931	6
7934	6
7955	6
7992	6
8006	10
8022	8
8026	5
8031	10
8047	6
8048	6
8060	4
8063	5
8067	6
8097	5
8105	8
8111	2
8127	5
8132	4
8143	6
8147	5
8154	4
8156	6
8168	4
8169	6
8182	6
8195	8
8202	3
8218	6
8234	10
8243	10
8249	8
8256	6
8260	9
8282	8
8283	10
8287	6
8290	6
8295	9
8303	6
8308	1
8320	4
8344	6
8347	6
8363	4
8365	4
8377	6
8379	8
8395	6
8403	6
8407	8
8414	2
8424	6
8426	6
8450	8
8454	6
8471	6
8476	5
8480	7
8504	7
8505	8
8507	6
8570	6
8588	7
8594	4
8604	4
8610	4
8622	8
8631	6
8647	7
8649	10
8651	7
8652	7
8656	7
8659	8
8665	4
8670	8
8673	5
8678	4
8683	7
8692	5
8701	6
8726	3
8734	6
8740	7
8776	4
8785	8
8787	6
8798	6
8811	4
8821	6
8834	8
8835	6
8843	9
8857	8
8858	7
8877	2
8892	5
8896	6
8907	8
8913	4
8930	8
8931	6
8932	6
8952	6
8964	4
8965	6
8974	6
8977	7
8985	2
9003	8
9005	6
9023	6
9035	6
9039	3
9048	1
9058	6
9065	5
9078	6
9109	6
9110	4
9116	6
9117	2
9128	10
9135	10
9139	3
9146	1
9147	6
9149	6
9152	8
9165	7
9166	5
9181	4
9185	8
9204	5
9217	8
9256	6
9267	6
9268	2
9296	6
9297	4
9306	6
9322	10
9353	8
9355	6
9358	6
9361	10
9365	10
9378	4
9389	6
9398	6
9421	3
9435	6
9462	8
9478	6
9492	5
9496	5
9522	2
9524	6
9531	6
9549	5
9550	5
9552	6
9561	6
9575	6
9576	8
9589	4
9595	6
9611	6
9636	7
9649	6
9661	3
9666	8
9672	7
9684	6
9692	5
9697	3
9698	8
9713	5
9720	5
9764	6
9776	8
9809	8
9816	10
9817	8
9827	5
9876	10
9888	4
9893	6
9895	8
9902	3
9911	6
9922	6
9924	10
9933	2
9934	9
9938	4
9947	6
9950	6
9951	5
9952	2
9969	6
9979	4
9980	2
10013	7
10021	6
10051	4
10065	6
10081	8
10083	2
10084	7
10088	8
10090	6
10094	7
10107	2
10111	4
10127	4
10133	4
10136	6
10137	8
10145	6
10153	5
10162	4
10172	8
10193	4
10200	2
10218	2
10222	6
10230	6
10242	4
10252	10
10270	4
10271	4
10279	6
10281	7
10292	2
10313	4
10372	7
10379	4
10402	8
10415	4
10417	10
10440	10
10445	6
10455	7
10466	8
10469	5
10470	6
10483	9
10484	6
10486	8
10490	8
10507	6
10516	6
10524	8
10530	10
10540	6
10541	6
10557	6
10570	4
10575	4
10591	6
10596	6
10606	8
10617	8
10636	2
10652	6
10665	5
10671	9
10700	10
10702	6
10710	6
10715	5
10716	6
10721	6
10730	10
