18	8
24	8
27	8
35	2
36	4
57	10
60	4
64	8
76	8
84	8
90	8
96	8
103	6
106	6
116	8
126	5
142	6
144	6
157	8
173	8
177	6
189	6
203	8
204	6
208	8
214	6
215	8
224	6
226	4
242	8
251	4
258	10
262	8
265	8
270	6
276	6
281	6
282	8
310	8
327	4
329	6
340	8
353	5
372	2
385	6
393	6
399	6
410	6
419	4
422	8
433	8
434	6
456	6
462	8
466	6
473	6
484	8
486	8
522	4
526	6
537	6
541	8
547	6
556	4
557	8
568	8
571	4
575	8
580	6
584	10
612	8
630	10
645	6
647	6
655	8
656	8
678	6
706	6
719	6
721	10
727	6
738	8
739	4
762	8
770	2
785	6
794	8
798	5
803	8
811	6
812	8
827	8
829	6
847	8
853	10
866	6
885	8
886	6
889	8
900	6
903	8
914	6
918	6
919	8
923	10
931	8
932	6
939	10
945	8
951	8
952	8
972	8
990	6
997	8
1011	4
1032	10
1043	10
1071	6
1072	8
1073	8
1080	6
1083	6
1091	6
1097	10
1098	8
1115	10
1126	8
1147	6
1172	8
1174	7
1184	10
1185	6
1186	8
1189	4
1195	8
1212	8
1213	4
1232	8
1242	10
1247	6
1254	6
1265	6
1270	7
1274	6
1279	6
1288	1
1296	8
1313	4
1315	10
1333	4
1358	8
1364	6
1380	6
1381	8
1386	8
1408	3
1420	6
1421	8
1429	8
1435	7
1448	6
1452	8
1453	4
1468	6
1481	6
1492	6
1497	6
1506	6
1525	8
1534	8
1536	6
1563	1
1577	6
1579	8
1585	8
1599	6
1602	6
1603	6
1623	8
1624	6
1626	6
1628	8
1636	6
1638	10
1659	6
1665	10
1667	6
1679	6
1694	6
1707	6
1709	4
1712	6
1716	10
1759	8
1766	8
1786	5
1795	6
1813	6
1819	6
1821	10
1829	10
1860	4
1864	6
1878	6
1883	8
1887	8
1891	4
1905	6
1917	10
1918	6
1921	8
1951	6
1962	6
1977	10
1981	6
1983	6
1988	5
1992	8
1994	6
2003	8
2008	8
2027	8
2034	5
2047	6
2053	6
2068	8
2093	6
2099	6
2109	8
2110	6
2123	6
2125	6
2127	8
2134	3
2139	8
2140	6
2149	6
2150	6
2154	7
2160	8
2183	6
2192	8
2195	8
2196	6
2204	9
2213	4
2215	8
2231	6
2238	4
2254	6
2258	4
2291	6
2303	6
2317	6
2325	7
2329	8
2333	6
2350	4
2353	8
2354	6
2356	7
2379	6
2403	10
2450	6
2452	10
2459	8
2462	2
2465	6
2467	2
2468	6
2490	6
2494	8
2501	6
2508	6
2519	6
2533	6
2541	2
2548	4
2555	10
2581	10
2582	8
2594	10
2608	10
2614	6
2630	6
2632	6
2635	8
2636	6
2637	8
2641	8
2649	10
2667	10
2668	6
2701	8
2702	6
2709	6
2719	6
2745	6
2749	6
2774	4
2787	6
2799	6
2804	10
2821	2
2825	8
2826	10
2827	6
2832	6
2837	10
2845	8
2847	6
2851	8
2852	7
2855	6
2872	8
2883	4
2892	6
2903	6
2908	8
2917	10
2920	6
2921	6
2927	6
2931	8
2965	10
2966	8
2977	6
2986	10
2993	8
2998	8
2999	6
3012	6
3030	6
3040	8
3052	8
3061	4
3066	10
3087	6
3094	6
3095	6
3105	8
3131	8
3166	10
3167	6
3174	6
3178	6
3195	6
3200	6
3210	8
3211	6
3225	6
3231	10
3238	6
3253	10
3273	8
3280	4
3284	6
3285	8
3291	6
3301	6
3309	6
3314	10
3355	10
3365	6
3369	8
3379	10
3405	8
3409	6
3424	2
3430	6
3432	6
3436	8
3443	6
3446	8
3452	8
3453	10
3458	5
3460	6
3461	8
3462	8
3473	6
3487	6
3492	8
3505	8
3514	8
3522	8
3530	1
3537	8
3543	10
3551	6
3561	4
3567	8
3570	6
3587	8
3603	4
3612	6
3632	6
3637	6
3646	6
3649	4
3657	6
3660	8
3669	4
3679	6
3681	10
3682	6
3694	6
3696	6
3699	2
3702	8
3711	4
3720	8
3726	10
3732	8
3734	6
3737	6
3738	8
3739	8
3740	6
3756	8
3762	4
3767	6
3773	8
3779	10
3788	6
3795	4
3798	10
3807	6
3810	3
3817	6
3827	8
3829	8
3846	6
3853	7
3870	8
3876	10
3880	6
3896	6
3905	6
3912	8
3925	10
3946	6
3978	6
3979	8
4027	8
4032	10
4039	6
4043	2
4051	2
4054	8
4060	6
4062	6
4068	8
4074	8
4078	6
4093	8
4100	6
4116	8
4124	8
4127	8
4129	8
4130	8
4132	6
4156	7
4173	8
4182	6
4213	7
4215	8
4221	8
4227	10
4228	4
4229	4
4251	6
4256	8
4262	6
4278	6
4293	8
4296	8
4301	8
4305	6
4314	6
4331	2
4337	6
4345	2
4348	6
4353	10
4355	4
4363	8
4368	6
4383	10
4385	6
4396	4
4399	6
4407	6
4409	8
4413	6
4427	8
4428	6
4429	8
4430	2
4440	6
4443	2
4449	7
4460	6
4468	6
4469	6
4472	8
4475	6
4491	4
4495	6
4499	6
4500	6
4512	6
4513	6
4519	6
4529	6
4542	6
4547	8
4556	10
4562	6
4569	8
4571	6
4577	8
4580	8
4592	6
4602	4
4610	6
4614	4
4618	10
4635	6
4653	6
4672	6
4678	6
4687	8
4690	10
4695	6
4698	6
4701	4
4745	8
4747	8
4748	6
4749	10
4750	2
4756	6
4763	6
4783	4
4792	6
4821	6
4823	6
4824	6
4827	6
4830	8
4831	8
4843	8
4853	10
4859	6
4864	6
4867	6
4871	6
4896	6
4907	6
4909	8
4922	6
4940	6
4945	6
4952	10
4960	6
4972	8
4975	8
4977	10
4984	10
4985	10
5005	10
5010	6
5011	2
5030	8
5033	10
5036	6
5039	5
5044	8
5050	6
5055	8
5085	6
5093	6
5094	8
5101	8
5103	8
5110	10
5121	8
5129	8
5134	8
5141	6
5153	8
5157	6
5158	8
5162	8
5163	10
5169	8
5171	6
5174	4
5175	6
5182	7
5185	10
5191	8
5194	8
5206	6
5208	6
5224	8
5232	7
5237	8
5254	10
5258	6
5262	4
5264	6
5266	4
5274	6
5275	6
5278	6
5283	6
5296	8
5300	6
5304	10
5317	6
5318	8
5326	6
5331	6
5340	6
5350	10
5356	8
5360	6
5364	10
5365	6
5368	6
5375	6
5376	6
5378	8
5394	10
5415	2
5417	8
5427	6
5428	6
5435	8
5441	8
5442	8
5454	8
5459	7
5461	5
5471	10
5481	6
5495	6
5499	4
5504	6
5505	8
5509	8
5535	6
5536	6
5541	6
5557	8
5562	8
5566	8
5577	6
5579	8
5582	8
5587	10
5588	8
5603	8
5604	10
5612	6
5619	10
5635	8
5636	8
5649	6
5654	10
5661	6
5678	8
5688	10
5689	6
5693	8
5711	10
5718	6
5724	6
5730	6
5741	6
5747	8
5755	8
5761	6
5765	6
5770	8
5798	6
5803	6
5809	10
5814	4
5817	6
5833	8
5834	8
5836	7
5860	10
5864	6
5869	4
5872	8
5882	10
5892	2
5904	4
5911	6
5916	8
5935	6
5941	6
5958	6
5966	6
5973	6
5974	4
5985	8
5996	6
6006	6
6009	4
6015	6
6018	6
6021	6
6026	8
6043	4
6049	6
6061	6
6101	6
6102	4
6113	6
6121	8
6147	6
6148	8
6150	2
6164	8
6174	6
6176	6
6178	8
6182	8
6184	6
6196	6
6200	6
6209	3
6212	6
6214	8
6217	8
6229	6
6260	6
6263	8
6273	6
6278	6
6282	8
6296	8
6297	8
6304	8
6312	6
6325	6
6343	8
6349	6
6376	7
6381	10
6386	8
6393	8
6394	8
6398	6
6402	6
6409	1
6424	8
6428	6
6437	10
6438	6
6445	8
6452	6
6468	8
6477	6
6481	7
6488	8
6500	6
6508	7
6512	8
6520	10
6534	8
6548	6
6550	6
6559	6
6560	8
6566	4
6567	6
6579	10
6581	8
6582	9
6586	10
6587	6
6612	6
6626	6
6629	3
6634	8
6641	6
6647	6
6655	6
6656	8
6660	4
6663	8
6672	8
6673	8
6694	8
6704	8
6711	6
6713	6
6718	6
6723	6
6743	7
6749	8
6757	6
6771	8
6778	6
6786	4
6789	6
6809	6
6820	8
6821	10
6825	6
6832	6
6851	10
6865	6
6870	8
6871	10
6883	8
6885	8
6918	6
6921	8
6922	6
6940	6
6942	4
6943	6
6949	6
6971	6
6972	4
6978	6
6979	8
6980	10
6992	7
7000	6
7005	6
7033	6
7038	6
7045	6
7050	4
7059	6
7075	6
7080	8
7103	6
7104	2
7130	6
7137	6
7149	8
7157	8
7158	8
7159	6
7161	8
7164	6
7189	6
7192	8
7206	8
7207	6
7208	10
7216	6
7217	6
7220	8
7224	2
7225	4
7232	6
7238	6
7245	6
7259	10
7270	5
7290	8
7294	8
7300	6
7311	8
7312	8
7319	8
7321	8
7326	6
7335	2
7339	6
7346	2
7359	6
7363	8
7384	6
7385	8
7406	8
7411	8
7419	10
7429	8
7434	6
7438	4
7439	7
7460	8
7467	10
7471	7
7472	6
7473	8
7474	4
7481	6
7485	10
7488	10
7491	4
7498	10
7503	8
7513	8
7517	6
7518	8
7526	6
7543	10
7548	6
7559	8
7569	2
7583	4
7612	5
7621	6
7631	8
7632	8
7638	6
7641	8
7642	6
7662	6
7663	10
7673	6
7678	6
7680	8
7696	4
7707	4
7719	10
7730	6
7739	6
7760	10
7774	7
7780	6
7786	6
7787	6
7795	8
7798	10
7802	8
7809	6
7817	4
7818	10
7822	8
7829	6
7846	6
7861	8
7862	6
7900	6
7913	6
7917	6
7928	10
7932	6
7941	6
7945	6
7947	6
7949	10
7952	8
7972	6
7994	6
7995	8
8000	8
8010	8
8018	8
8031	4
8045	6
8058	7
8060	10
8065	4
8072	6
8083	3
8084	10
8085	8
8090	6
8098	4
8125	4
8127	6
8133	6
8144	6
8145	6
8152	6
8155	8
8156	8
8160	8
8169	6
8172	8
8173	4
8190	6
8199	8
8210	4
8218	6
8232	6
8244	6
8248	7
8249	8
8256	6
8257	6
8262	8
8272	8
8283	6
8287	8
