8	7
17	10
18	7
38	7
51	8
53	8
63	4
70	6
81	6
96	8
122	6
136	8
137	6
165	6
166	8
183	10
192	7
206	8
221	8
226	8
257	8
259	8
261	8
262	6
263	9
286	8
289	4
310	8
337	10
341	6
347	6
407	7
426	6
429	8
438	8
440	10
450	8
463	8
490	8
491	6
493	8
496	10
497	6
513	6
533	8
543	8
554	6
564	8
573	6
577	6
603	7
657	8
680	8
731	8
745	8
753	6
767	8
780	8
798	6
803	8
813	8
847	8
886	8
915	8
948	6
972	8
974	6
999	6
1007	10
1012	10
1016	8
1021	6
1026	10
1055	10
1075	7
1085	10
1088	6
1106	7
1120	10
1126	8
1130	10
1191	6
1206	8
1220	8
1224	5
1256	6
1265	8
1287	6
1297	8
1301	6
1322	8
1329	5
1355	6
1398	6
1401	6
1419	5
1440	8
1445	10
1450	6
1451	8
1484	8
1485	8
1494	6
1515	6
1516	7
1532	6
1536	6
1537	9
1568	7
1590	6
1597	8
1610	6
1629	6
1632	7
1724	8
1740	6
1749	10
1751	7
1763	8
1770	6
1777	7
1786	9
1801	10
1811	8
1860	7
1870	9
1887	8
1892	2
1906	6
1918	8
1919	10
1958	8
1960	6
1963	10
1970	8
1976	6
1977	8
1981	7
1988	8
1992	8
2029	8
2037	10
2044	2
2045	7
2050	6
2053	7
2096	8
2111	6
2121	8
2127	4
2134	8
2152	8
2167	6
2174	10
2178	8
2192	8
2199	4
2203	8
2204	8
2215	6
2233	6
2282	6
2308	8
2310	6
2324	3
2350	8
2361	8
2376	8
2406	6
2425	6
2428	5
2433	7
2449	6
2454	6
2484	6
2495	6
2522	6
2524	4
2555	8
2557	7
2566	6
2570	4
2584	8
2612	8
2662	4
2664	4
2685	8
2686	5
2696	8
2720	8
2728	8
2746	8
2747	8
2748	9
2765	8
2770	10
2783	8
2790	6
2806	9
2810	6
2829	7
2853	6
2859	6
2878	6
2900	4
2919	8
2930	8
2948	2
2950	10
2955	8
2957	8
2987	10
2988	7
3004	8
3019	6
3022	9
3030	8
3031	8
3041	8
3044	8
3045	10
3050	8
3057	7
3084	6
3089	8
3101	8
3103	7
3109	8
3110	6
3114	7
3124	8
3129	6
3130	6
3134	6
3152	8
3155	2
3157	6
3171	6
3174	6
3185	6
3189	6
3200	8
3204	7
3208	8
3220	6
3228	8
3239	6
3244	8
3264	7
3281	8
3298	8
3301	9
3303	8
3322	10
3323	2
3325	6
3334	10
3347	8
3383	7
3428	6
3434	6
3448	6
3456	6
3462	6
3469	8
3470	6
3475	10
3483	8
3492	6
3504	10
3515	8
3569	8
3610	7
3638	10
3687	10
3688	8
3706	7
3716	10
3721	8
3727	6
3728	10
3730	5
3791	6
3795	2
3796	8
3806	8
3810	1
3817	6
3836	7
3840	4
3859	6
3864	8
3881	8
3917	7
3920	8
3930	10
3957	6
3976	9
3991	5
4019	8
4028	8
4036	4
4047	6
4051	6
4078	8
4086	7
4090	8
4108	8
4119	8
4121	8
4129	7
4153	7
4177	4
4226	6
4229	6
4251	8
4257	4
4258	4
4274	6
4283	10
4302	8
4307	8
4309	8
4317	2
4326	8
4335	7
4352	6
4364	5
4368	8
4386	6
4391	6
4396	4
4401	7
4418	8
4425	4
4437	6
4467	6
4478	10
4491	6
4514	8
4523	4
4526	6
4538	10
4549	7
4555	7
4557	8
4561	5
4568	4
4598	6
4612	7
4635	6
4641	4
4651	10
4659	8
4665	10
4715	4
4729	5
4761	8
4772	6
4783	6
4804	4
4806	8
4811	6
4814	8
4825	10
4826	8
4827	8
4840	6
4869	5
4883	8
4885	9
4904	8
4917	7
4925	6
4946	6
4954	3
4978	9
4982	8
5012	7
5016	6
5017	8
5039	5
5043	2
5057	8
5084	8
5100	7
5113	8
5117	8
5132	8
5134	8
5135	8
5136	3
5148	6
5168	6
5182	8
5191	6
5201	6
5203	10
5217	6
5231	10
5238	8
5262	6
5265	8
5284	8
5314	8
5338	8
5410	6
5419	10
5420	8
5480	5
5489	8
5525	8
5526	6
5540	4
5557	8
5568	6
5578	8
5580	3
5586	6
5596	8
5610	8
5614	4
5617	6
5641	8
5642	8
5654	9
5678	10
5690	10
5711	8
5720	6
5760	7
5762	8
5771	8
5792	8
5794	6
5795	8
5798	7
5801	8
5810	6
5813	8
5834	8
5840	7
5845	6
5848	8
5849	7
5871	10
5875	10
5879	5
5888	8
5896	8
5913	8
5917	6
5921	5
5925	5
5932	6
5933	7
5939	5
5976	8
5981	4
5982	6
6014	4
6036	8
6039	6
6075	4
6094	6
6095	10
6104	5
6119	5
6123	8
6129	9
6150	7
6158	8
6161	8
6186	6
6203	5
6240	6
6245	6
6250	8
6268	8
6276	6
6289	4
6308	5
6338	4
6343	6
6352	6
6358	5
6361	6
6375	7
6382	8
6389	7
6391	6
6403	6
6418	8
6424	10
6427	7
6448	8
6453	6
6465	4
6475	8
6477	8
6503	6
6522	7
6571	7
6578	8
6581	6
6599	5
6610	8
6623	4
6624	6
6628	6
6649	7
6661	10
6671	6
6678	7
6684	6
6709	7
6720	6
6743	7
6745	6
6757	6
6769	8
6775	5
6781	5
6814	8
6822	6
6845	7
6856	6
6860	4
6890	6
6893	8
6948	8
6971	7
6974	6
6982	8
6990	6
7014	6
7040	7
7061	8
7066	9
7081	8
7105	2
7126	6
7127	6
7141	8
7144	6
7160	6
7162	8
7181	7
7195	8
7202	8
7235	4
7242	2
7273	5
7282	7
7302	8
7303	8
7304	6
7313	8
7314	8
7315	7
7324	8
7337	4
7341	8
7343	4
7359	6
7361	6
7380	8
7397	8
7420	9
7431	5
7455	6
7458	8
7461	8
7471	5
7482	8
7533	7
7534	6
7543	8
7556	7
7568	8
7576	6
7577	10
7612	6
7623	7
7633	8
7644	4
7645	8
7649	8
7655	8
7656	8
7675	6
7678	8
7685	6
7703	5
7707	4
7711	8
7713	7
7727	6
7749	8
7757	8
7774	8
7785	6
7795	6
7840	8
7856	6
7863	9
7870	6
7876	6
7908	6
7910	8
7914	6
7915	6
7916	8
7946	4
7974	6
7983	8
7986	8
8012	10
8032	6
8048	6
8075	5
8078	8
8114	8
8115	6
8123	6
8127	6
8152	6
8161	8
8168	8
8188	10
8198	6
8204	8
8207	8
8213	8
8219	7
8221	8
8232	8
8235	8
8245	10
8265	4
8275	6
8278	4
8282	5
8295	7
8301	10
8325	4
8329	5
8331	8
8346	8
8354	6
8357	8
8372	8
8375	8
8395	8
8401	5
8411	4
8420	7
8444	8
8446	7
8449	8
8465	10
8480	7
8489	8
8508	8
8511	8
8520	8
8524	8
8556	6
8563	6
8567	6
8632	8
8651	7
8664	6
8671	4
8673	2
8676	8
8681	8
8682	6
8740	8
8744	8
8765	6
8784	8
8785	6
8803	3
8807	8
8811	6
8821	8
8823	4
8837	8
8841	5
8849	8
8852	7
8855	8
8856	7
8867	8
8881	10
8888	8
8889	5
8892	4
8908	5
8919	8
8925	8
8930	8
8951	6
8960	8
8965	8
8973	7
8977	8
8991	8
9010	6
9039	4
9040	4
9043	8
9062	8
9065	8
9079	8
9093	7
9099	6
9110	6
9117	8
9139	6
9148	6
9160	7
9161	7
9167	7
9172	8
9176	6
9179	4
9181	8
9196	7
9211	7
9212	7
9215	7
9238	7
9248	3
9252	8
9280	10
9291	7
9299	6
9352	10
9355	6
9358	8
9363	7
9375	6
9383	10
9387	2
9396	8
9405	8
9410	7
9415	4
9439	6
9444	7
9448	8
9469	5
9474	5
9480	6
9499	8
9527	10
9536	6
9540	8
9547	7
9550	6
9554	6
9561	8
9571	6
9591	8
9597	2
9624	2
9634	8
9639	7
9644	10
9645	6
9666	8
9671	8
9682	8
9694	8
9695	8
9742	5
9748	8
9750	10
9756	6
9771	8
9777	6
9809	8
9866	8
9870	4
9922	8
9926	6
9939	6
9944	7
9951	5
9953	10
9957	6
9972	6
9979	8
9992	8
9993	5
10005	5
10007	8
10023	10
10044	7
10057	7
10061	8
10062	6
10077	7
10082	8
10093	6
10094	7
10098	8
10112	10
10114	6
10121	7
10135	10
10146	4
10209	6
10218	6
10239	8
10241	8
10245	7
10270	6
10279	6
10280	8
10291	6
10292	8
10297	8
10312	6
10318	8
10331	8
10334	8
10368	7
10372	9
10379	6
10384	1
10408	8
10415	8
10418	8
10419	8
10426	6
10430	10
10437	6
10450	8
10460	8
10474	2
10479	7
10494	9
10509	10
10514	8
10516	7
10521	8
10526	10
10570	7
10602	10
10626	6
10636	8
10652	5
10659	6
10660	7
10673	8
10679	7
10680	1
10682	6
10697	8
10707	6
10708	7
10724	8
10754	10
10766	8
10798	6
10821	8
10825	6
10830	8
10835	7
10858	6
10859	9
10873	7
10876	8
10887	6
10899	7
10903	6
10907	5
10924	8
10935	7
10950	5
10961	8
10967	8
10975	8
10976	10
10995	7
11003	9
11005	6
11027	6
11028	6
11036	5
11060	8
11064	8
11069	7
11073	6
11075	8
11088	8
11097	4
11110	6
11112	5
11113	4
11119	6
11139	1
11157	9
11169	6
11193	8
11198	8
11202	6
11232	6
11239	7
11240	7
11243	8
11244	8
11248	4
11253	6
11267	6
11276	8
11283	8
11290	10
11300	10
11306	5
11352	1
11359	7
11393	8
11420	7
11429	8
11454	6
11482	8
11510	7
11518	6
11529	8
11535	5
11543	6
11558	8
11560	10
11570	7
11576	6
11581	7
11590	6
11595	5
11597	4
11606	4
11626	6
11645	7
11666	8
11680	4
11692	10
11719	4
11742	6
11760	9
11779	8
11825	7
11853	8
11898	3
11917	1
11947	6
11959	5
11977	6
11979	8
11988	8
12000	6
12012	6
12013	7
12025	8
12055	4
12069	6
12094	8
12105	6
12119	8
12125	8
12150	6
12159	6
12167	6
12175	6
12193	8
12204	8
12220	4
12221	8
12248	8
12280	8
12281	1
12297	10
12309	5
12313	6
12323	2
12326	5
12344	6
12355	6
12366	7
12393	8
12394	8
12398	6
12414	8
12420	7
12473	4
12474	7
12490	9
12518	6
