8	9
34	8
47	5
53	10
56	8
58	8
65	6
69	10
73	10
86	10
87	10
88	9
96	8
123	10
125	10
126	7
137	8
155	8
161	6
162	6
171	10
182	8
183	10
190	8
195	10
196	8
198	8
201	8
211	10
213	6
214	10
215	10
216	8
252	10
253	8
258	8
259	7
275	8
276	6
279	7
285	8
286	8
289	8
290	8
292	8
295	9
298	8
301	8
304	7
307	8
314	6
318	10
338	8
348	9
351	8
362	5
368	8
372	8
376	7
378	8
379	6
383	9
386	8
388	10
389	5
390	8
407	7
424	10
426	7
434	10
438	10
452	5
458	8
459	3
463	6
465	7
469	10
481	8
485	6
497	6
502	8
516	7
533	8
541	10
542	8
543	8
544	4
545	8
550	10
555	7
564	8
565	8
570	10
571	7
572	7
573	8
578	2
585	8
590	10
603	4
607	8
608	2
621	7
624	10
627	8
633	7
636	2
639	10
642	8
643	10
644	10
648	8
650	8
653	5
667	8
672	6
686	8
688	5
698	7
704	10
710	8
716	8
742	8
745	10
759	8
761	6
771	10
776	8
784	6
786	8
788	6
797	8
798	7
801	10
805	6
809	10
813	8
820	7
859	7
867	8
874	5
888	6
891	7
898	8
902	8
911	8
912	10
915	8
921	8
924	10
928	8
937	8
948	8
949	9
953	10
954	10
971	10
983	8
992	8
998	9
1014	10
1015	8
1018	6
1021	8
1026	10
1033	8
1035	6
1040	6
1041	9
1045	10
1053	10
1060	6
1068	8
1077	7
1085	10
1088	10
1089	10
1090	7
1100	10
1117	3
1127	8
1129	10
1132	8
1139	10
1140	8
1154	5
1158	10
1160	8
1168	8
1173	10
1174	8
1176	10
1177	10
1185	10
1191	6
1197	8
1200	8
1202	7
1203	6
1220	7
1223	6
1224	10
1230	8
1234	4
1252	9
1278	8
1287	10
1288	7
1292	6
1294	10
1302	8
1306	6
1313	4
1320	10
1325	10
1327	8
1328	10
1336	8
1348	10
1352	8
1365	8
1367	5
1370	10
1374	8
1377	8
1387	5
1403	6
1404	8
1407	8
1408	7
1413	10
1419	5
1424	8
1426	10
1427	6
1439	5
1440	8
1446	7
1450	2
1458	6
1466	8
1467	1
1478	10
1479	4
1484	8
1485	6
1490	7
1496	9
1500	8
1502	8
1508	8
1510	8
1519	8
1521	6
1522	6
1530	10
1532	8
1541	6
1556	8
1557	4
1559	6
1563	5
1568	8
1573	6
1590	3
1605	10
1618	8
1621	9
1632	8
1634	7
1649	10
1650	10
1654	8
1657	8
1663	7
1666	10
1667	9
1668	7
1676	4
1685	8
1689	10
1695	8
1697	7
1704	10
1713	2
1724	8
1731	8
1737	10
1741	7
1748	10
1751	8
1755	4
1762	8
1763	2
1776	7
1786	5
1794	8
1800	10
1805	8
1810	4
1816	10
1817	4
1818	8
1833	7
1837	8
1854	7
1858	8
1859	7
1860	8
1866	6
1871	8
1875	10
1876	7
1880	10
1887	10
1888	10
1891	10
1908	4
1915	7
1918	8
1925	4
1930	8
1932	9
1937	7
1941	8
1954	8
1960	8
1963	8
1966	8
1970	8
1973	10
1974	7
1980	10
1981	6
1992	10
2006	9
2011	7
2012	7
2016	10
2029	4
2034	7
2038	8
2039	4
2041	4
2044	8
2053	6
2058	10
2059	7
2067	10
2069	10
2083	6
2084	7
2097	8
2102	9
2106	10
2107	10
2122	5
2147	4
2154	6
2156	8
2160	10
2161	8
2164	6
2167	10
2168	6
2179	8
2182	9
2185	10
2204	8
2218	7
2220	10
2227	10
2228	8
2233	8
2237	10
2244	10
2251	8
2254	8
2255	8
2265	3
2275	10
2287	8
2305	10
2325	7
2326	9
2330	10
2331	2
2342	8
2350	6
2359	4
2361	8
2364	2
2385	7
2398	10
2401	10
2402	3
2407	8
2420	6
2424	8
2427	6
2428	7
2429	7
2435	9
2447	7
2448	9
2454	4
2461	8
2462	7
2463	7
2467	8
2468	10
2471	6
2480	9
2484	8
2486	10
2487	7
2492	8
2505	6
2512	10
2513	8
2515	6
2520	10
2522	6
2523	3
2531	7
2548	10
2563	8
2567	10
2574	8
2589	6
2592	8
2596	10
2612	8
2619	4
2632	10
2633	4
2634	6
2643	7
2653	8
2658	8
2662	4
2672	2
2675	8
2679	5
2680	8
2706	9
2709	8
2714	6
2720	6
2722	10
2745	10
2747	10
2752	6
2756	8
2760	8
2770	7
2784	10
2796	3
2812	5
2813	10
2823	7
2824	8
2834	10
2842	6
2852	8
2853	8
2857	10
2859	8
2862	9
2867	10
2872	8
2879	3
2888	10
2890	8
2891	10
2895	9
2896	10
2904	6
2910	8
2920	6
2930	6
2936	6
2963	8
2964	6
2968	10
2969	8
2982	10
2983	10
2987	8
3003	2
3010	9
3015	8
3016	10
3022	8
3026	8
3027	8
3032	4
3033	8
3043	8
3045	6
3057	6
3063	8
3067	10
3068	9
3073	10
3084	10
3086	7
3089	10
3102	10
3103	9
3104	8
3109	8
3111	2
3114	7
3115	8
3116	4
3119	6
3129	8
3137	8
3138	8
3144	8
3148	8
3149	5
3152	10
3153	8
3170	10
3171	8
3174	8
3180	4
3181	10
3189	10
3191	9
3204	10
3207	10
3214	10
3219	5
3220	6
3222	8
3228	10
3233	6
3250	10
3257	10
3264	8
3276	8
3277	7
3281	10
3288	10
3299	9
3302	10
3303	6
3304	8
3318	8
3324	10
3325	5
3330	5
3334	8
3336	7
3343	8
3366	8
3368	7
3373	10
3375	6
3383	8
3390	8
3394	2
3397	6
3412	6
3420	10
3427	10
3434	6
3439	8
3449	10
3458	5
3463	8
3464	8
3468	8
3476	10
3477	4
3488	6
3494	7
3499	6
3500	8
3503	8
3511	5
3516	10
3517	9
3521	8
3525	8
3526	9
3535	8
3538	8
3539	4
3540	7
3541	4
3556	8
3581	6
3583	8
3593	10
3594	7
3599	8
3613	10
3624	4
3634	10
3635	9
3646	10
3663	8
3686	10
3687	8
3693	8
3723	10
3729	10
3730	6
3736	6
3747	6
3759	2
3784	5
3791	10
3793	8
3795	10
3800	10
3805	10
3810	6
3812	10
3817	7
3822	7
3828	9
3829	10
3830	9
3840	4
3848	5
3849	7
3865	10
3867	8
3874	9
3907	10
3908	6
3910	7
3915	10
3917	6
3937	8
3942	10
3977	9
3985	9
3987	8
3991	7
3994	4
3997	10
4005	6
4009	6
4020	10
4021	10
4033	8
4040	10
4052	8
4053	1
4065	10
4070	10
4071	8
4076	8
4078	7
4092	5
4094	6
4099	6
4104	8
4105	8
4115	10
4120	5
4128	10
4156	8
4157	7
4170	8
4171	3
4182	8
4183	5
4187	10
4192	6
4194	6
4207	6
4216	10
4217	10
4220	8
4222	10
4229	6
4233	4
4234	1
4243	9
4248	8
4264	10
4269	8
4280	6
4285	10
4311	8
4317	7
4322	8
4327	10
4329	8
4333	10
4335	10
4341	10
4345	6
4353	9
4363	8
4365	9
4368	8
4375	5
4385	7
4391	10
4396	8
4401	10
4404	6
4405	10
4414	10
4417	6
4418	6
4421	10
4422	10
4426	7
4449	10
4457	10
4458	10
4461	10
4463	8
4473	10
4479	6
4486	6
4487	5
4494	4
4497	10
4513	8
4517	4
4523	8
4526	7
4532	10
4534	7
4538	10
4544	8
4549	6
4552	6
4554	10
4558	8
4564	6
4578	10
4596	6
4603	8
4604	10
4612	8
4615	2
4616	6
4627	8
4636	10
4650	7
4659	10
4665	8
4685	6
4693	2
4697	9
4702	10
4708	4
4712	4
4715	8
4716	6
4719	7
4724	8
4725	10
4726	10
4736	8
4741	8
4743	6
4759	8
4766	8
4767	10
4773	7
4783	10
4784	10
4799	8
4803	8
4811	6
4812	7
4814	8
4816	6
4817	8
4818	8
4827	8
4834	8
4835	10
4842	8
4846	8
4856	6
4863	8
4864	7
4872	10
4888	10
4894	10
4904	10
4910	4
4920	9
4925	8
4928	6
4938	10
4939	5
4942	8
4950	8
4951	8
4954	2
4956	6
4962	4
4964	6
4969	4
4988	8
5003	6
5012	10
5013	8
5027	8
5028	5
5035	6
5052	8
5066	10
5069	9
5085	8
5089	6
5100	9
5105	7
5108	4
5112	4
5117	10
5129	10
5134	10
5138	6
5143	9
5155	2
5160	6
5174	6
5176	10
5182	8
5187	9
5191	8
5201	10
5217	6
5218	8
5220	10
5227	8
5232	8
5245	10
5247	2
5275	10
5277	7
5279	5
5285	10
5301	10
5314	10
5324	10
5328	8
5345	10
5347	10
5351	10
5353	7
5354	8
5358	8
5365	6
5373	8
5396	8
5403	10
5405	7
5409	8
5415	7
5422	8
5425	10
5430	7
5437	6
5438	10
5444	6
5451	8
5456	8
5458	8
5459	8
5461	7
5465	8
5467	10
5468	8
5474	7
5477	10
5478	8
5480	8
5484	10
5485	7
5486	5
5488	10
5495	7
5497	6
5503	8
5510	6
5514	4
5519	4
5520	8
5523	6
5525	2
5540	10
5549	10
5551	7
5552	8
5557	8
5564	8
5574	10
5575	7
5578	6
5579	8
5583	6
5586	8
5593	8
5596	10
5602	9
5610	10
5615	8
5620	8
5650	4
5669	4
5678	10
5679	8
5681	7
5687	9
5694	8
5698	10
5712	7
5716	4
5719	8
5721	10
5747	8
5758	6
5760	5
5762	6
5766	10
5767	7
5776	7
5790	8
5794	4
5795	10
5802	6
5813	8
5831	9
5835	8
5836	8
5855	8
5856	8
5857	4
5865	10
5866	10
5873	8
5875	10
5884	8
5888	8
5890	4
5892	8
5895	8
5897	8
5902	8
5903	6
5913	9
5932	8
5935	6
5939	8
5946	6
5951	10
5955	5
5963	6
5965	7
5971	8
5983	7
5993	8
6000	10
6005	6
6009	10
6014	6
6017	9
6018	6
6037	10
6039	8
6043	10
6045	10
6054	10
6066	8
6070	8
6076	7
6086	8
6089	10
6104	10
6108	6
6113	10
6117	10
6124	7
6148	10
6150	8
6172	8
6173	4
6179	8
6180	8
6186	8
6188	8
6193	10
6202	6
6208	8
