5	10
10	10
13	10
19	8
34	6
51	10
58	10
60	8
63	6
65	8
68	10
73	8
78	9
81	10
83	8
91	8
96	10
104	10
112	8
122	8
125	7
126	7
135	6
140	8
143	6
161	8
175	10
182	10
195	8
198	7
203	6
205	6
212	6
214	6
215	8
216	8
237	8
239	10
244	10
252	10
259	8
266	10
267	6
275	8
276	5
289	10
291	10
292	8
295	10
300	10
304	8
310	10
314	10
318	10
323	7
325	10
338	8
340	8
344	8
350	8
351	8
354	9
359	10
367	6
378	10
379	10
383	9
401	8
410	4
419	8
426	7
438	8
450	8
463	8
469	10
470	7
477	10
489	8
492	7
497	6
506	10
509	10
513	6
518	8
522	8
523	10
533	10
542	10
543	7
545	10
550	8
554	8
555	8
564	10
565	7
571	8
577	6
582	10
585	8
587	8
589	10
595	10
596	4
600	4
616	7
621	7
631	10
633	10
636	6
642	10
643	2
648	10
650	10
651	10
657	10
667	4
671	10
678	8
695	8
702	10
714	9
726	10
731	10
732	9
742	8
745	10
765	6
773	10
779	6
780	8
798	8
803	8
818	10
820	7
824	10
830	10
834	8
838	6
840	10
843	6
854	8
866	6
867	10
871	8
878	8
885	10
886	8
902	10
906	8
910	10
913	8
928	7
936	7
957	8
961	10
966	7
971	10
972	10
977	10
988	6
992	8
1011	8
1016	10
1018	8
1023	8
1026	10
1033	8
1045	8
1058	8
1068	8
1072	9
1074	6
1075	7
1085	9
1088	6
1090	8
1100	8
1117	8
1122	9
1126	10
1131	8
1132	8
1137	7
1139	10
1143	8
1153	10
1156	10
1161	10
1162	10
1173	6
1176	10
1182	6
1191	6
1200	10
1206	10
1213	8
1223	8
1224	6
1231	9
1233	8
1235	8
1242	10
1244	8
1255	10
1265	8
1294	6
1297	8
1302	8
1306	9
1314	8
1320	10
1325	10
1326	7
1327	8
1331	10
1333	8
1347	4
1351	10
1352	10
1353	10
1355	7
1370	10
1374	10
1377	10
1388	8
1390	6
1395	5
1396	10
1398	8
1405	8
1411	10
1417	10
1426	10
1433	9
1437	8
1440	10
1445	6
1449	8
1465	10
1467	6
1472	9
1476	8
1485	8
1496	9
1504	4
1507	10
1508	10
1510	9
1512	8
1514	10
1515	9
1518	10
1521	6
1523	8
1534	6
1536	8
1541	7
1547	10
1551	8
1552	8
1557	8
1573	10
1578	10
1581	8
1587	7
1596	10
1605	10
1621	8
1629	10
1630	10
1639	9
1640	8
1666	8
1669	10
1673	10
1680	8
1697	9
1709	6
1718	7
1721	4
1725	10
1740	10
1741	7
1745	9
1747	10
1751	8
1761	8
1773	10
1780	8
1783	8
1786	6
1794	9
1805	10
1815	6
1816	4
1822	10
1825	8
1826	10
1836	8
1840	7
1849	8
1850	8
1854	8
1860	10
1864	10
1869	8
1870	9
1886	10
1887	10
1904	8
1906	10
1914	8
1915	8
1918	8
1925	6
1926	9
1930	4
1955	7
1958	6
1965	8
1970	10
1981	10
1986	10
1988	7
2002	10
2010	8
2021	8
2029	6
2034	8
2041	10
2045	6
2047	6
2050	8
2051	8
2056	6
2057	4
2063	6
2066	6
2071	8
2073	7
2084	7
2090	8
2093	8
2096	10
2099	8
2100	8
2102	9
2119	6
2125	8
2127	6
2129	8
2134	10
2147	9
2152	6
2161	8
2168	8
2186	9
2191	10
2192	8
2197	10
2204	8
2213	6
2220	10
2233	8
2237	10
2241	8
2242	10
2265	8
2269	10
2270	9
2275	8
2281	7
2286	8
2290	10
2297	8
2306	8
2318	10
2324	7
2325	8
2332	10
2334	6
2349	8
2361	9
2373	8
2377	7
2385	6
2397	8
2409	8
2417	10
2421	8
2424	8
2433	7
2435	8
2443	10
2444	6
2448	7
2460	10
2466	8
2484	10
2487	7
2492	10
2503	8
2513	8
2515	8
2522	8
2526	8
2531	7
2534	8
2556	9
2566	10
2567	8
2573	8
2574	9
2581	8
2584	10
2596	8
2598	6
2602	8
2627	10
2632	8
2637	6
2643	8
2652	10
2658	9
2661	6
2675	10
2685	8
2686	9
2696	10
2703	8
2707	10
2709	6
2714	4
2720	10
2724	8
2729	8
2731	10
2739	10
2744	8
2745	10
2746	10
2747	6
2763	8
2765	10
2775	10
2780	6
2784	8
2785	8
2798	10
2805	6
2809	10
2813	8
2814	6
2815	6
2828	10
2834	10
2842	7
2845	6
2847	8
2852	8
2853	7
2862	10
2865	8
2877	10
2891	9
2903	10
2911	10
2918	10
2919	10
2924	8
2936	9
2939	10
2948	10
2949	10
2950	10
2955	10
2957	7
2963	10
2983	10
2987	10
2990	6
2991	8
2996	10
3003	10
3010	6
3019	10
3021	8
3022	10
3041	6
3042	8
3045	10
3046	10
3048	10
3050	9
3056	8
3057	8
3060	6
3063	8
3067	10
3078	8
3086	7
3089	10
3103	7
3109	10
3114	9
3122	8
3133	8
3134	8
3151	10
3157	10
3163	10
3165	6
3169	6
3171	8
3174	10
3181	6
3191	10
3197	7
3200	8
3204	10
3211	6
3215	4
3219	6
3220	8
3227	10
3228	8
3242	6
3244	10
3266	9
3284	6
3285	8
3301	10
3304	6
3310	10
3313	8
3319	9
3323	10
3327	8
3334	8
3336	6
3346	6
3350	7
3353	8
3355	8
3365	10
3366	8
3380	8
3388	10
3414	8
3421	9
3428	5
3432	10
3434	7
3435	6
3448	9
3471	8
3476	10
3482	8
3488	7
3496	8
3498	8
3503	10
3504	10
3510	10
3515	10
3519	8
3527	10
3541	7
3544	8
3546	9
3557	8
3559	8
3562	10
3573	9
3579	6
3580	10
3589	7
3604	6
3610	8
3619	8
3634	10
3638	6
3652	6
3662	6
3664	9
3669	10
3673	4
3676	10
3680	10
3699	9
3707	8
3714	10
3715	10
3717	10
3721	8
3727	10
3730	9
3734	10
3735	8
3754	6
3783	8
3793	7
3795	10
3796	6
3805	10
3806	8
3809	8
3810	5
3817	7
3828	10
3853	9
3864	8
3906	8
3929	10
3930	10
3952	8
3957	4
3980	10
3997	8
4019	10
4020	10
4021	8
4026	8
4028	6
4044	7
4047	8
4048	9
4051	8
4053	3
4056	8
4066	8
4076	10
4078	6
4087	9
4095	10
4101	6
4108	8
4113	8
4114	8
4129	9
4136	7
4140	8
4141	10
4156	7
4162	8
4171	10
4180	10
4181	8
4184	8
4191	10
4213	7
4218	8
4228	2
4229	10
4234	6
4250	10
4258	8
4264	8
4283	8
4289	8
4316	6
4317	9
4321	10
4326	8
4332	8
4333	9
4337	8
4341	9
4347	7
4353	9
4364	8
4368	10
4372	10
4378	9
4391	8
4395	10
4396	10
4415	8
4421	8
4430	6
4436	10
4457	8
4461	10
4466	8
4469	8
4470	10
4475	10
4491	10
4496	8
4497	8
4498	10
4509	6
4513	10
4515	6
4521	7
4523	6
4525	6
4531	8
4538	10
4549	8
4554	8
4565	8
4568	8
4572	8
4586	6
4587	8
4590	8
4595	8
4597	8
4598	7
4601	9
4606	8
4612	8
4629	7
4635	8
4648	8
4649	8
4651	10
4656	7
4657	8
4660	10
4665	10
4671	10
4685	10
4688	5
4702	8
4713	6
4715	5
4719	7
4723	10
4725	10
4751	10
4766	10
4767	10
4772	8
4783	6
4784	9
4795	9
4804	8
4806	10
4810	10
4814	10
4816	10
4820	8
4822	8
4823	10
4826	6
4827	10
4867	9
4868	7
4872	10
4873	10
4882	6
4887	8
4895	4
4903	4
4907	8
4909	10
4912	7
4924	6
4944	10
4954	8
4973	8
4987	10
5012	8
5016	8
5017	8
5019	10
5037	10
5044	10
5045	6
5052	4
5061	6
5065	6
5068	10
5093	10
5095	8
5099	6
5100	7
5104	8
5112	6
5118	8
5128	10
5134	10
5155	10
5168	10
5174	7
5182	8
5191	10
5194	8
5203	10
5204	10
5216	10
5217	10
5220	8
5221	8
5224	6
5232	8
5235	8
5262	7
5265	8
5267	8
5285	10
5296	10
5300	8
5315	9
5329	9
5334	8
5338	8
5340	8
5358	7
5367	5
5381	8
5389	10
5395	8
5399	3
5402	6
5403	10
5414	10
5425	8
5436	6
5445	6
5446	10
5451	7
5457	6
5459	8
5466	10
5467	10
5474	8
5477	8
5478	10
5480	5
5481	10
5499	6
5507	8
5508	8
5524	10
5552	9
5578	10
5580	10
5583	8
5584	10
5586	7
5596	8
5600	10
5604	8
5614	10
5617	9
5641	10
5646	8
5658	10
5661	8
5664	8
5667	8
5672	6
5678	10
5679	8
5681	7
5685	2
5689	8
5694	10
5700	10
5705	5
5714	6
5720	8
5723	5
5738	9
5751	8
5757	9
5763	10
5771	10
5779	8
5780	8
5781	8
5794	4
5798	8
5806	10
5807	8
5810	9
5824	8
5831	7
5834	10
5835	8
5838	8
5840	7
5843	6
5847	8
5848	6
5849	6
5855	8
5858	7
5865	10
5871	10
5873	6
5879	9
5883	10
5888	8
5892	7
5894	8
5897	4
5903	7
5913	10
5917	6
5921	6
5925	5
5933	8
5939	6
5954	7
5955	10
5965	10
5968	8
5969	10
5972	10
5974	10
5975	10
5990	8
5992	6
5993	10
5998	10
6000	10
6009	8
6011	8
6014	8
6018	7
6036	10
6054	8
6070	10
6072	10
6081	8
6104	10
6116	10
6117	8
6126	10
6145	10
6148	8
6154	7
6157	8
6159	4
6161	10
6163	7
6172	9
6173	8
6201	8
6220	8
6234	8
6235	8
6239	10
6245	10
6267	8
6276	6
6280	10
6281	8
6299	6
6320	10
6325	10
6337	10
6338	8
6343	10
6352	8
6355	10
6363	9
6365	8
6368	8
6385	9
6391	10
6393	9
6403	8
6424	10
6426	10
6427	8
6431	7
6432	10
6434	8
6442	8
6443	7
6453	10
6458	10
6465	8
6477	8
6481	9
6485	10
6489	10
6494	6
6495	10
6498	6
6501	6
6507	10
6514	10
6522	9
6534	6
6569	10
6575	8
6580	6
6581	10
6587	8
6589	8
6590	8
6600	7
6603	6
6610	7
