8	9
13	6
17	10
34	10
36	6
37	2
47	9
65	6
73	8
75	6
78	8
87	8
88	10
92	10
123	4
125	6
126	8
129	6
137	8
139	10
143	8
144	7
149	8
154	9
160	6
161	7
162	7
170	6
180	8
186	2
187	7
190	10
192	6
198	7
212	7
214	8
215	8
216	10
221	5
226	4
249	9
253	8
259	7
262	10
263	9
267	6
272	5
273	10
276	8
279	5
286	8
289	8
292	6
296	7
302	8
303	6
307	8
314	8
318	7
330	8
336	7
347	8
348	8
359	5
362	8
368	8
371	6
372	10
376	6
380	9
383	1
389	7
390	7
402	8
403	7
407	9
419	10
424	8
426	7
434	6
438	6
449	6
450	8
452	7
458	6
459	8
463	10
464	8
466	7
469	10
476	6
480	8
481	9
482	6
492	8
493	6
502	8
503	3
509	7
516	4
533	8
535	6
543	8
544	4
546	8
554	6
555	7
558	8
561	10
564	10
565	6
571	7
572	7
579	6
620	4
621	8
633	7
636	5
639	6
640	7
642	8
650	8
653	6
674	8
683	7
688	8
698	5
704	10
728	8
736	8
742	8
745	8
746	7
754	6
761	8
772	8
777	4
779	2
784	7
786	10
788	8
793	9
798	7
801	6
804	8
820	8
826	8
833	6
841	8
844	8
859	7
867	8
874	5
886	6
890	8
891	7
902	9
909	7
910	4
913	2
916	8
935	8
940	8
947	6
949	9
954	4
966	9
971	8
983	8
985	8
988	8
992	8
993	6
994	7
998	7
1008	5
1018	6
1022	6
1026	9
1030	9
1035	7
1045	4
1047	8
1053	10
1060	8
1063	6
1072	9
1077	6
1092	1
1101	8
1111	8
1117	6
1132	9
1137	7
1139	4
1151	10
1154	8
1160	10
1163	7
1173	8
1174	7
1177	8
1178	8
1187	8
1198	7
1209	7
1214	7
1219	6
1220	7
1223	6
1224	7
1230	7
1235	2
1236	6
1256	1
1267	9
1270	8
1281	2
1288	5
1294	3
1297	8
1300	6
1302	10
1304	8
1305	10
1306	10
1311	6
1323	6
1326	8
1328	8
1334	6
1337	4
1347	8
1355	8
1367	6
1374	7
1377	8
1378	7
1383	6
1391	6
1403	6
1407	6
1408	7
1410	6
1419	2
1424	7
1435	7
1436	8
1439	7
1440	6
1449	8
1466	8
1479	6
1485	7
1490	6
1496	7
1499	7
1502	8
1514	8
1519	6
1520	4
1522	8
1527	7
1531	5
1532	7
1536	6
1557	6
1562	6
1563	2
1567	10
1569	2
1587	8
1625	6
1632	7
1633	7
1639	9
1645	8
1649	10
1650	10
1663	6
1668	7
1674	6
1697	6
1704	6
1709	8
1710	8
1718	6
1724	8
1728	8
1738	10
1741	8
1751	7
1754	6
1755	7
1756	7
1771	9
1774	8
1775	7
1786	8
1787	5
1796	10
1805	4
1810	8
1811	8
1817	8
1818	8
1823	8
1833	2
1839	8
1840	5
1852	8
1854	8
1858	8
1860	6
1861	4
1866	8
1869	8
1870	5
1876	6
1879	6
1880	10
1886	8
1888	10
1889	6
1891	6
1892	6
1893	4
1904	8
1908	8
1915	7
1918	8
1926	8
1937	9
1945	7
1954	6
1955	6
1960	8
1965	7
1966	8
1973	8
1974	7
1977	2
1981	8
1987	10
1988	6
1999	8
2006	10
2012	8
2017	8
2018	6
2023	8
2029	6
2034	8
2043	8
2044	8
2045	9
2050	8
2053	7
2058	8
2063	2
2064	8
2070	6
2091	3
2103	8
2107	10
2122	4
2134	6
2135	9
2141	9
2147	3
2154	7
2160	10
2162	4
2168	8
2178	8
2181	6
2185	10
2204	10
2214	7
2218	8
2233	6
2234	10
2237	10
2250	8
2258	6
2276	6
2281	7
2282	7
2291	4
2314	6
2315	2
2320	8
2336	8
2340	8
2350	4
2359	10
2361	8
2369	8
2385	9
2398	6
2401	10
2402	8
2407	8
2414	9
2418	6
2428	8
2429	7
2432	6
2434	8
2435	8
2448	8
2455	7
2461	10
2463	7
2471	7
2480	8
2487	7
2500	6
2504	8
2505	8
2507	6
2509	5
2510	4
2513	8
2515	8
2517	9
2522	6
2527	7
2536	6
2542	7
2548	8
2558	7
2562	8
2571	5
2573	4
2574	8
2578	2
2588	6
2589	9
2590	8
2591	8
2592	6
2596	6
2603	6
2613	7
2619	7
2624	4
2625	8
2626	4
2633	5
2634	8
2641	8
2643	7
2653	7
2654	8
2657	7
2658	6
2662	7
2673	6
2676	8
2685	8
2686	8
2692	7
2696	10
2698	8
2699	9
2706	8
2709	4
2714	6
2715	3
2723	6
2727	10
2728	10
2741	6
2742	4
2752	8
2765	8
2770	9
2783	9
2784	8
2796	7
2801	8
2802	7
2810	8
2812	6
2813	7
2816	10
2818	10
2819	6
2820	6
2822	4
2823	8
2829	6
2842	7
2852	7
2853	7
2861	9
2862	9
2863	5
2872	6
2879	6
2885	10
2891	4
2892	8
2895	9
2896	10
2900	8
2904	8
2920	7
2925	8
2936	7
2950	8
2952	8
2956	6
2957	8
2964	7
2983	10
2987	6
2989	6
3010	8
3015	8
3016	4
3022	8
3027	9
3030	6
3033	9
3034	8
3042	8
3047	7
3049	8
3050	8
3054	8
3057	8
3063	8
3067	6
3068	8
3086	8
3089	8
3090	6
3091	9
3103	8
3110	6
3113	8
3114	6
3115	8
3117	8
3119	6
3136	6
3138	8
3144	10
3149	6
3159	8
3163	8
3165	5
3171	6
3174	8
3182	8
3183	6
3189	8
3190	8
3197	6
3204	7
3207	6
3215	10
3219	6
3220	6
3221	8
3222	9
3234	6
3250	10
3264	7
3267	6
3270	10
3274	9
3277	7
3282	8
3283	7
3288	10
3296	4
3298	6
3299	7
3301	6
3303	6
3304	6
3313	6
3318	7
3325	7
3330	5
3335	10
3336	8
3337	6
3340	8
3343	9
3350	6
3359	4
3366	8
3368	7
3369	8
3375	1
3381	4
3384	3
3391	4
3392	7
3395	6
3396	7
3411	6
3416	6
3426	8
3427	8
3428	7
3429	8
3434	7
3435	8
3440	5
3463	9
3468	10
3472	9
3476	10
3477	9
3493	1
3494	7
3500	8
3517	10
3525	6
3526	10
3529	8
3535	6
3538	10
3553	10
3565	8
3573	7
3574	1
3575	8
3579	8
3580	5
3581	7
3594	6
3595	8
3597	6
3598	6
3613	8
3616	7
3624	6
3634	6
3635	2
3639	8
3642	9
3646	8
3647	7
3659	6
3673	6
3681	6
3691	10
3699	5
3704	6
3742	8
3747	6
3751	10
3754	10
3761	6
3781	8
3783	8
3784	4
3791	10
3792	1
3793	6
3810	6
3813	3
3817	7
3830	8
3835	10
3840	6
3849	7
3853	6
3860	6
3865	7
3867	6
3877	8
3881	7
3887	6
3908	7
3918	7
3920	10
3969	6
3977	10
3985	9
3987	7
3991	1
3998	8
4010	4
4017	2
4019	10
4020	10
4021	7
4022	7
4033	10
4034	7
4050	7
4063	7
4076	8
4077	8
4078	7
4090	9
4098	8
4099	7
4104	8
4105	9
4106	8
4114	9
4115	8
4129	6
4135	5
4136	10
4140	4
4157	8
4171	4
4176	7
4177	7
4182	8
4183	3
4187	8
4195	1
4200	6
4201	4
4210	7
4217	8
4218	6
4229	4
4231	6
4232	8
4233	8
4234	6
4236	8
4244	7
4250	9
4251	6
4264	6
4266	8
4274	8
4285	6
4286	8
4310	2
4317	6
4322	6
4333	7
4335	6
4341	6
4345	6
4347	7
4352	10
4359	8
4363	10
4364	8
4368	6
4373	8
4379	9
4385	8
4391	6
4403	6
4409	6
4414	10
4419	8
4426	6
4436	8
4437	3
4446	4
4458	10
4461	10
4463	7
4467	8
4473	8
4474	6
4487	6
4494	3
4499	7
4503	8
4510	6
4514	7
4515	8
4517	8
4520	8
4526	6
4534	7
4538	10
4544	9
4549	4
4550	4
4564	6
4565	6
4572	7
4587	8
4598	8
4600	6
4605	5
4606	8
4612	8
4615	8
4616	8
4623	7
4629	5
4635	6
4636	8
4649	8
4650	5
4659	8
4661	8
4665	4
4667	7
4681	10
4685	7
4693	7
4712	7
4715	8
4716	7
4719	7
4724	6
4729	7
4736	8
4741	8
4743	10
4767	8
4783	4
4784	4
4787	9
4795	6
4799	8
4800	4
4806	8
4812	6
4818	8
4826	10
4827	8
4833	8
4836	3
4842	7
4848	7
4850	8
4864	8
4867	9
4869	7
4877	6
4890	7
4895	10
4908	9
4912	8
4918	7
4920	8
4928	8
4939	8
4942	8
4943	7
4944	1
4951	6
4954	6
4956	8
4958	4
4964	4
4978	7
4982	8
5004	8
5012	6
5018	7
5027	8
5028	8
5032	8
5034	10
5039	7
5058	6
5062	6
5080	7
5085	8
5090	7
5094	10
5096	7
5100	6
5103	6
5110	9
5118	10
5119	9
5123	8
5128	8
5129	8
5134	8
5142	8
5143	10
5150	9
5155	10
5168	8
5174	7
5177	6
5187	1
5189	8
5191	8
5192	6
5196	6
5208	6
5217	6
5219	6
5220	8
5221	6
5222	6
5226	4
5227	8
5232	6
5235	7
5238	8
5239	7
5241	6
5247	4
5262	7
5271	8
5275	10
5279	8
5280	4
5285	6
5307	7
5314	8
5321	6
5328	5
5329	6
5339	7
5346	6
5347	10
5353	8
5372	8
5385	6
5390	8
5392	8
5403	4
5405	8
5414	8
5415	5
5418	4
5422	9
5425	9
5430	7
5439	7
5444	6
5446	8
5451	7
5458	6
5459	9
5461	7
5467	4
5469	8
5474	8
5477	8
5480	8
5484	6
5485	7
5486	6
5488	8
5495	6
5503	10
5508	7
5510	5
5511	6
5515	6
5516	5
5519	8
5524	6
5525	8
5544	6
5546	10
5552	7
5559	8
5575	8
5579	8
5586	7
5592	8
5602	7
5607	6
5615	10
5616	8
5618	7
5620	6
5624	8
5631	6
5634	6
5657	8
5660	9
5665	6
5667	5
5669	6
5670	7
5678	8
5681	6
5691	8
5703	8
5705	5
5706	6
5711	10
5712	5
5716	8
5719	9
5722	7
5738	9
5747	9
5760	4
5762	6
