8	6
18	7
34	8
35	6
63	2
87	8
100	5
122	4
125	5
129	8
137	8
139	8
143	6
155	7
179	8
182	6
191	2
196	4
210	8
214	6
215	8
246	6
249	7
259	5
274	6
276	4
279	8
292	5
300	6
307	4
310	4
320	6
334	6
336	6
345	6
346	8
353	5
357	4
368	6
373	4
377	4
386	6
387	6
394	8
407	7
419	8
426	7
434	2
437	6
440	6
449	6
452	5
458	6
459	4
463	8
467	4
475	6
480	2
481	6
491	8
541	4
543	7
572	4
585	6
619	6
621	7
640	7
650	8
657	2
671	6
674	6
714	7
716	4
731	8
739	2
745	6
767	6
772	6
780	6
788	7
798	4
831	4
841	8
886	4
898	8
908	4
912	6
922	7
933	6
936	5
946	6
953	10
954	6
957	6
972	8
977	4
995	6
1012	8
1016	2
1033	8
1116	6
1132	7
1151	8
1174	7
1177	8
1178	6
1182	6
1192	6
1201	10
1209	3
1218	4
1219	6
1220	7
1223	4
1233	6
1239	6
1248	10
1251	2
1296	2
1300	8
1301	2
1302	6
1305	6
1333	8
1355	7
1367	4
1377	4
1378	7
1383	6
1391	6
1392	5
1408	8
1419	4
1422	6
1435	7
1440	8
1446	6
1467	6
1480	5
1482	2
1484	6
1509	6
1522	1
1523	4
1536	6
1545	6
1552	6
1562	8
1605	4
1618	6
1632	4
1633	6
1638	6
1644	4
1650	6
1651	7
1656	4
1663	6
1689	8
1690	6
1695	4
1702	6
1709	6
1712	4
1738	6
1751	5
1787	4
1823	4
1846	2
1850	2
1854	3
1856	8
1860	6
1861	3
1870	4
1880	4
1886	6
1888	4
1891	8
1903	4
1904	7
1906	8
1910	1
1915	7
1918	2
1925	6
1944	7
1945	7
1965	8
1973	6
1977	4
1981	6
1987	6
1992	6
2026	6
2027	2
2028	8
2029	2
2038	5
2042	6
2044	4
2053	5
2067	6
2072	4
2096	4
2154	4
2161	6
2170	6
2178	6
2180	6
2182	6
2190	4
2192	8
2200	8
2210	4
2222	6
2233	4
2237	2
2250	4
2251	6
2282	4
2291	7
2293	8
2300	8
2308	4
2322	6
2325	5
2345	2
2350	4
2364	6
2385	4
2402	2
2406	6
2414	5
2418	4
2428	5
2451	8
2468	8
2491	2
2504	4
2515	2
2517	6
2528	2
2534	8
2536	5
2548	6
2557	5
2564	6
2566	4
2567	8
2573	2
2580	5
2590	1
2591	4
2596	4
2634	4
2638	5
2641	8
2662	5
2686	4
2704	8
2705	2
2708	6
2729	4
2756	5
2764	8
2765	6
2783	5
2799	2
2810	6
2818	4
2821	6
2828	4
2852	6
2853	5
2858	6
2865	8
2872	6
2879	2
2880	6
2883	2
2892	9
2906	3
2920	7
2943	8
2951	8
2955	2
2964	8
2983	6
2987	8
3002	4
3015	10
3016	6
3022	8
3030	6
3033	9
3041	6
3043	2
3061	4
3067	6
3085	6
3088	4
3092	6
3104	6
3105	8
3106	7
3110	7
3139	5
3145	4
3148	6
3149	4
3153	6
3161	2
3163	6
3190	6
3215	4
3219	4
3220	4
3222	3
3244	6
3258	1
3259	6
3263	6
3280	6
3282	8
3288	4
3298	2
3301	4
3306	3
3313	9
3322	2
3325	6
3335	6
3336	6
3350	6
3366	4
3406	6
3411	6
3426	8
3427	6
3434	6
3445	8
3459	7
3462	4
3468	4
3475	6
3483	8
3492	6
3493	6
3498	4
3501	6
3525	6
3535	2
3545	7
3556	8
3568	4
3601	8
3624	2
3629	4
3634	8
3646	6
3652	4
3681	6
3686	6
3689	6
3690	4
3693	3
3705	4
3721	8
3747	4
3754	8
3759	2
3761	6
3765	4
3769	6
3778	6
3780	5
3783	8
3792	5
3793	4
3810	4
3817	6
3820	4
3829	6
3840	6
3849	8
3855	4
3864	6
3865	2
3881	7
3906	6
3907	8
3913	6
3920	4
3929	2
3942	4
3952	7
3956	4
3957	4
3981	8
3987	8
3991	3
3997	8
4000	8
4007	6
4020	8
4024	8
4052	6
4056	3
4077	5
4078	7
4082	5
4111	2
4112	6
4113	3
4128	4
4129	7
4140	6
4153	4
4163	7
4177	2
4217	4
4218	7
4235	6
4241	6
4251	8
4253	6
4263	6
4269	6
4274	8
4285	6
4289	6
4317	4
4333	8
4335	3
4345	4
4361	6
4363	8
4368	6
4373	6
4391	4
4395	4
4403	6
4405	4
4435	8
4436	4
4442	6
4445	2
4456	8
4458	8
4461	4
4487	4
4513	6
4514	4
4517	2
4518	7
4538	9
4549	5
4550	4
4557	6
4564	4
4565	6
4572	4
4578	4
4589	6
4598	6
4612	6
4616	4
4621	6
4640	6
4642	2
4650	5
4657	7
4670	6
4689	6
4697	6
4711	6
4712	1
4724	2
4726	8
4747	6
4748	6
4783	6
4787	6
4798	6
4799	4
4827	5
4863	2
4867	7
4888	8
4893	6
4894	8
4898	8
4911	2
4920	2
4923	8
4932	6
4942	6
4948	4
4954	3
4973	4
4986	2
5003	4
5007	8
5012	6
5016	8
5027	6
5039	6
5045	4
5080	6
5085	5
5089	2
5092	4
5096	5
5100	8
5103	6
5107	6
5108	6
5118	2
5134	4
5136	6
5160	2
5165	4
5168	4
5174	3
5176	4
5177	3
5182	8
5191	6
5192	8
5197	3
5199	4
5201	6
5208	6
5222	6
5226	5
5231	8
5265	6
5266	6
5275	8
5280	5
5296	4
5297	6
5336	6
5345	10
5347	6
5355	4
5365	4
5404	6
5411	7
5420	6
5439	5
5446	6
5451	4
5457	8
5461	7
5467	6
5477	6
5479	6
5484	6
5488	2
5495	5
5505	8
5508	3
5510	3
5514	8
5520	6
5525	4
5538	2
5544	8
5552	5
5564	3
5579	6
5583	6
5586	5
5590	2
5616	10
5623	4
5625	6
5631	6
5634	3
5653	8
5667	10
5678	8
5686	6
5694	6
5711	10
5714	6
5719	1
5720	2
5732	2
5735	8
5747	7
5750	8
5758	6
5767	4
5772	4
5779	4
5781	4
5787	6
5794	10
5795	2
5801	6
5814	8
5815	7
5824	4
5834	10
5836	8
5840	3
5848	8
5849	5
5857	4
5883	8
5884	8
5888	2
5889	6
5890	4
5892	6
5894	4
5898	5
5919	4
5928	6
5939	6
5940	3
5946	4
5955	3
5957	8
5963	9
5981	6
6010	7
6014	7
6018	3
6027	4
6039	4
6045	4
6067	4
6093	6
6104	7
6113	6
6118	1
6123	6
6124	3
6128	6
6150	6
6154	3
6160	4
6166	6
6179	6
6209	6
6235	2
6239	4
6250	8
6253	7
6260	6
6264	8
6277	6
6291	6
6331	4
6370	8
6382	8
6393	7
6408	8
6418	6
6424	8
6426	6
6429	6
6431	5
6434	4
6442	6
6443	5
6448	4
6477	3
6481	7
6494	4
6498	6
6512	6
6517	2
6524	6
6532	6
6539	4
6580	6
6597	4
6605	7
6610	6
6629	5
6634	8
6635	4
6649	3
6656	10
6671	6
6678	7
6685	5
6690	10
6692	7
6727	5
6739	4
6745	4
6746	7
6757	6
6772	8
6774	6
6814	8
6816	2
6825	8
6836	7
6845	8
6879	8
6893	6
6894	6
6897	6
6909	8
6949	8
6954	6
6963	6
6967	6
6971	6
6986	7
6991	2
6993	6
7003	4
7012	7
7017	4
7048	4
7061	6
7069	5
7078	4
7089	8
7121	2
7125	8
7127	7
7131	4
7145	6
7146	8
7161	8
7165	6
7183	7
7185	6
7195	6
7209	6
7210	8
7216	8
7217	8
7225	6
7237	2
7240	6
7241	8
7246	6
7263	6
7277	6
7286	8
7287	7
7302	2
7304	4
7315	4
7317	4
7337	4
7356	6
7365	6
7380	4
7384	6
7385	6
7401	8
7403	9
7446	6
7448	7
7461	8
7465	8
7469	8
7472	6
7478	4
7508	5
7514	5
7532	6
7534	5
7537	6
7543	6
7544	6
7545	4
7549	6
7554	4
7560	4
7564	2
7566	8
7568	4
7570	10
7577	6
7581	10
7585	6
7590	10
7599	7
7607	8
7618	5
7622	2
7634	8
7645	5
7659	6
7678	9
7694	4
7699	8
7707	6
7708	6
7711	6
7713	5
7721	6
7722	8
7736	4
7742	10
7757	8
7784	6
7795	8
7811	7
7838	6
7856	6
7880	4
7884	6
7891	4
7922	6
7936	8
7946	10
7958	8
7992	8
7996	4
7997	8
8019	4
8020	1
8021	5
8047	8
8048	5
8054	8
8058	5
8060	8
8067	8
8068	8
8079	2
8105	8
8111	4
8121	2
8140	4
8141	6
8145	6
8152	6
8162	4
8165	5
8168	7
8178	3
8186	7
8188	10
8198	6
8202	4
8204	6
8224	8
8228	1
8231	4
8232	8
8235	6
8238	5
8246	10
8248	6
8252	5
8259	6
8263	8
8264	8
8265	2
8279	2
8292	10
8301	4
8306	4
8310	7
8330	6
8332	6
8348	4
8354	6
8357	8
8359	10
8363	8
8372	6
8395	6
8404	6
8406	8
8413	4
8417	6
8418	2
8423	2
8450	2
8459	6
8465	6
8474	4
8480	6
8511	8
8520	4
8533	6
8540	6
8586	6
8604	5
8631	8
8632	8
8637	6
8641	2
8647	6
8651	6
8672	6
8676	8
8681	8
8684	4
8697	6
8705	2
8710	6
8716	4
8725	4
8739	6
8740	8
8765	4
8779	8
8784	4
8785	10
8793	4
8802	6
8810	10
8811	6
8817	6
8836	8
8842	2
8849	4
8852	2
8855	6
8856	4
8858	5
8874	8
8877	4
8880	6
8881	4
8882	3
8892	4
8930	7
8951	4
8958	6
8962	4
8973	9
8977	7
8986	6
8987	4
8990	6
8991	8
8996	1
9015	8
9022	10
9039	4
9053	8
9060	8
9065	5
9085	6
9090	6
9109	4
9114	6
9117	4
9139	5
9140	8
9148	8
9161	6
9167	6
9172	6
9181	6
9187	8
9193	1
9209	4
9212	7
9231	4
9246	4
9252	4
9253	2
9259	6
9261	8
9267	4
9280	8
9297	3
9310	7
9326	4
9328	6
9340	8
9350	7
9355	1
9368	8
9374	6
9384	2
9391	6
9396	8
9428	6
9440	5
9444	8
9462	7
9467	8
9496	6
9501	3
9505	8
9506	6
9519	7
9547	6
9549	4
9550	6
9561	2
