1	10
4	10
19	8
22	8
26	8
34	2
54	6
62	6
65	6
67	8
71	6
72	2
76	8
92	7
94	6
95	8
100	4
101	8
107	6
116	8
118	6
131	4
132	4
135	10
138	8
139	4
144	8
145	6
154	8
158	6
160	8
163	2
173	6
182	8
183	10
188	6
190	9
193	6
196	8
199	6
203	8
206	6
207	6
208	6
209	6
212	4
214	8
215	6
221	7
226	2
228	6
230	6
247	10
250	6
253	6
255	10
259	7
260	6
262	2
263	9
274	8
276	3
281	6
292	6
293	10
300	8
302	6
303	3
305	6
307	4
308	4
311	6
314	4
315	8
319	6
321	6
325	7
326	6
340	6
341	6
344	6
348	8
349	6
364	6
368	7
369	4
381	6
382	6
391	6
398	8
404	6
406	6
409	6
418	4
424	8
432	6
434	4
436	8
441	6
444	8
446	6
450	6
453	8
456	6
459	7
460	8
463	6
471	8
472	6
480	4
488	6
495	8
504	6
505	6
511	10
513	6
516	6
517	8
525	6
530	8
532	2
533	8
539	6
541	6
543	7
545	7
547	10
549	6
553	6
556	6
562	10
564	10
571	7
574	6
585	8
589	6
590	6
601	10
603	4
604	6
605	6
609	8
616	7
617	8
621	3
623	6
629	6
634	10
641	6
646	6
647	4
650	8
654	6
661	8
669	8
672	6
674	2
680	8
688	7
716	6
719	6
729	8
730	10
743	6
748	6
751	8
752	6
753	6
757	10
759	6
775	8
786	10
795	8
799	6
802	6
803	4
810	6
820	8
824	6
830	8
841	8
842	6
846	8
856	6
859	4
863	4
867	6
870	6
876	10
878	6
881	10
885	6
886	6
889	8
890	4
895	8
896	6
898	10
902	8
908	10
915	8
919	8
921	8
928	6
930	6
933	4
938	4
939	8
942	6
946	4
956	6
957	4
958	8
968	8
976	6
977	2
988	6
1001	6
1004	5
1005	6
1026	10
1028	10
1031	10
1038	10
1046	10
1050	4
1057	6
1058	6
1059	6
1066	6
1072	10
1078	6
1079	10
1082	8
1083	6
1084	8
1086	6
1088	6
1094	6
1103	10
1104	8
1109	8
1114	6
1119	10
1132	8
1133	4
1139	6
1147	8
1152	6
1160	6
1165	6
1166	8
1171	6
1176	6
1177	8
1178	10
1179	6
1180	8
1181	8
1183	6
1186	7
1193	10
1202	1
1204	4
1211	8
1223	6
1224	8
1227	8
1228	10
1238	8
1242	10
1249	8
1254	8
1257	10
1261	6
1265	6
1268	8
1269	10
1275	6
1281	1
1283	10
1286	6
1288	1
1294	5
1296	8
1299	8
1300	8
1302	8
1303	8
1305	8
1309	6
1330	6
1333	8
1335	8
1337	5
1343	8
1349	8
1355	7
1358	6
1363	8
1368	8
1376	8
1378	9
1380	6
1383	8
1387	7
1391	6
1392	2
1397	6
1399	8
1403	6
1409	6
1413	8
1414	10
1415	6
1419	1
1424	6
1428	10
1433	8
1437	6
1438	8
1448	10
1452	8
1453	6
1462	10
1466	7
1468	8
1470	8
1473	8
1477	6
1482	4
1499	8
1505	6
1511	8
1514	8
1527	8
1528	10
1534	8
1542	6
1543	10
1550	8
1557	2
1567	8
1573	4
1576	8
1583	8
1584	8
1585	10
1588	6
1590	1
1591	6
1594	8
1598	10
1601	6
1605	8
1624	8
1628	8
1638	6
1639	4
1640	8
1643	2
1647	8
1648	4
1650	2
1655	2
1664	4
1668	8
1683	10
1687	8
1689	8
1690	6
1694	6
1709	2
1711	4
1714	10
1715	10
1722	8
1724	6
1729	8
1731	2
1741	8
1742	6
1750	8
1751	6
1755	8
1759	6
1763	8
1764	6
1768	8
1774	7
1788	10
1807	4
1809	6
1811	7
1812	8
1819	8
1820	10
1824	6
1825	6
1829	10
1835	6
1843	2
1844	6
1846	8
1860	6
1863	6
1865	6
1872	4
1874	2
1875	8
1880	6
1885	6
1887	10
1890	2
1891	8
1895	6
1907	8
1911	6
1918	6
1927	6
1932	4
1935	6
1938	4
1942	6
1949	6
1950	6
1961	8
1963	6
1965	8
1968	6
1973	6
1979	10
1981	8
1988	7
1989	6
1990	8
1992	8
1996	6
1997	6
2001	6
2009	8
2020	8
2025	6
2027	4
2031	6
2034	6
2035	4
2036	8
2045	6
2046	6
2047	6
2049	6
2050	6
2053	4
2056	8
2062	6
2064	9
2065	4
2067	6
2081	10
2096	6
2107	4
2113	10
2116	8
2123	8
2125	6
2132	6
2134	4
2139	8
2142	6
2143	6
2148	6
2150	6
2159	8
2169	8
2170	6
2172	10
2173	8
2176	6
2194	6
2198	8
2201	6
2204	6
2207	8
2215	7
2216	6
2218	4
2221	10
2225	6
2226	6
2227	6
2232	6
2233	6
2237	6
2247	8
2254	8
2261	10
2263	8
2266	10
2269	6
2270	3
2272	6
2273	6
2274	6
2278	6
2282	4
2285	6
2292	4
2296	8
2300	10
2302	6
2311	6
2328	6
2361	7
2362	6
2364	6
2370	6
2371	6
2378	6
2385	4
2387	8
2389	4
2393	6
2394	8
2398	8
2399	6
2411	6
2414	8
2415	4
2422	10
2424	4
2428	8
2432	8
2435	5
2436	6
2441	6
2448	6
2451	6
2455	8
2457	6
2458	6
2467	2
2468	8
2472	8
2473	6
2484	8
2487	5
2491	7
2497	6
2498	6
2500	8
2503	6
2505	7
2506	6
2507	3
2511	6
2518	6
2534	8
2536	5
2537	8
2538	6
2541	2
2543	6
2549	8
2558	6
2559	6
2560	6
2565	8
2566	8
2569	10
2570	2
2574	5
2575	6
2583	6
2603	10
2609	8
2613	5
2614	8
2619	6
2624	10
2628	6
2629	6
2641	8
2649	6
2652	8
2653	8
2656	8
2659	10
2661	6
2662	5
2667	10
2674	2
2676	6
2682	8
2686	8
2689	8
2694	8
2696	6
2701	8
2708	6
2709	4
2712	8
2718	6
2725	10
2738	6
2741	8
2745	6
2750	8
2751	10
2762	6
2767	8
2777	8
2787	6
2788	8
2792	5
2797	8
2799	4
2804	6
2807	6
2812	4
2813	7
2817	4
2821	8
2823	8
2825	6
2826	10
2829	7
2830	8
2831	8
2833	6
2845	6
2852	6
2856	2
2860	8
2862	7
2868	10
2869	10
2871	8
2872	6
2879	1
2880	6
2881	6
2882	6
2887	6
2907	4
2909	3
2911	10
2916	6
2921	6
2922	8
2923	10
2930	4
2931	6
2937	6
2939	6
2941	6
2943	8
2946	10
2950	8
2955	4
2958	6
2959	2
2968	6
2971	10
2983	8
2986	2
2993	8
2994	8
2998	8
3001	8
3002	6
3008	6
3009	8
3013	8
3015	8
3016	6
3019	8
3022	6
3023	8
3024	8
3029	10
3030	8
3033	7
3041	8
3042	8
3044	6
3051	8
3052	6
3057	7
3060	6
3061	4
3067	6
3073	5
3079	6
3082	6
3084	8
3089	6
3094	6
3103	7
3104	1
3117	8
3118	6
3119	4
3131	8
3139	4
3140	6
3141	10
3142	6
3148	7
3149	4
3150	4
3156	6
3160	6
3163	6
3164	7
3166	8
3170	6
3188	6
3189	10
3194	8
3200	4
3206	8
3210	4
3211	6
3215	2
3219	6
3220	6
3241	8
3242	8
3246	4
3248	6
3249	6
3250	6
3261	8
3262	6
3263	8
3264	8
3268	6
3270	8
3272	6
3275	6
3284	6
3285	8
3286	6
3291	10
3292	8
3298	7
3301	4
3308	6
3336	6
3341	10
3343	7
3354	10
3355	8
3365	6
3366	6
3367	4
3389	8
3399	10
3405	8
3411	8
3412	2
3427	6
3428	7
3431	6
3432	4
3440	4
3443	8
3444	6
3452	6
3462	6
3465	10
3468	6
3473	8
3474	6
3479	6
3480	6
3486	6
3492	6
3493	4
3494	7
3505	6
3506	8
3507	8
3512	6
3515	6
3525	5
3528	2
3565	8
3566	6
3567	8
3577	8
3578	6
3585	8
3586	10
3591	8
3599	7
3602	6
3606	8
3614	6
3615	6
3624	4
3633	6
3636	10
3640	4
3642	8
3646	8
3648	10
3653	8
3658	6
3666	8
3668	10
3669	6
3675	10
3676	8
3681	4
3684	8
3686	6
3687	6
3693	7
3694	6
3695	8
3712	8
3718	10
3721	6
3722	8
3729	8
3734	6
3737	8
3741	6
3751	6
3756	8
3757	6
3761	4
3767	6
3772	6
3784	3
3787	6
3793	2
3794	10
3798	10
3808	6
3810	6
3811	6
3823	10
3835	8
3838	6
3840	8
3845	6
3857	4
3862	6
3875	8
3879	6
3882	6
3885	6
3890	6
3894	6
3899	6
3903	10
3904	8
3913	10
3917	3
3923	8
3924	8
3926	6
3931	6
3933	2
3935	6
3938	4
3942	6
3945	8
3949	6
3957	8
3966	6
3969	4
3977	8
3978	6
3979	6
3980	6
3984	6
3996	6
4000	6
4008	6
4014	6
4016	6
4018	8
4022	9
4031	10
4033	5
4037	6
4042	10
4045	6
4048	9
4050	5
4054	6
4056	4
4057	6
4060	6
4061	6
4067	8
4069	2
4070	6
4073	8
4077	8
4078	7
4079	6
4088	8
4090	8
4099	6
4110	8
4112	10
4123	8
4129	7
4130	6
4131	8
4138	8
4140	4
4142	6
4144	8
4151	8
4155	8
4158	8
4159	8
4166	8
4168	6
4172	6
4173	10
4177	4
4178	10
4182	8
4185	6
4186	8
4197	6
4202	6
4206	10
4211	8
4214	6
4217	4
4218	5
4219	6
4223	6
4225	10
4226	6
4227	10
4239	10
4243	8
4246	10
4261	8
4270	6
4276	6
4281	10
4285	4
4289	4
4292	4
4295	6
4306	8
4317	8
4319	6
4331	6
4332	8
4341	7
4345	4
4348	10
4350	6
4357	8
4358	8
4364	6
4367	4
4368	8
4376	6
4382	6
4383	6
4385	7
4386	8
4388	10
4389	6
4393	8
4401	7
4402	2
4406	8
4416	10
4420	6
4421	8
4423	8
4434	8
4441	6
4442	10
4443	10
4444	10
4447	10
4451	8
4456	6
4458	8
4460	2
4461	6
4468	8
4469	6
4472	10
4476	2
4477	10
