7	6
8	8
11	6
14	6
18	8
34	6
35	6
36	8
38	2
40	10
46	10
47	5
52	2
53	8
56	4
63	8
65	6
66	6
87	8
88	10
91	8
122	8
124	6
125	9
126	5
129	8
136	10
137	4
143	4
144	7
149	8
154	8
155	8
162	7
169	10
170	7
192	5
198	7
205	6
214	6
219	6
221	9
226	4
238	6
249	7
254	4
259	6
261	4
262	8
275	6
276	6
279	10
292	6
295	9
302	8
313	10
317	4
318	9
328	8
334	6
336	10
337	9
341	6
345	8
346	10
348	10
357	8
368	10
375	10
380	7
383	1
387	4
389	1
390	8
394	10
400	8
414	7
424	4
425	4
426	6
434	6
440	7
445	6
448	8
449	10
452	8
458	4
459	8
463	7
465	5
469	8
475	6
476	7
480	8
481	8
482	6
485	4
486	7
491	9
493	5
496	2
500	6
501	8
502	6
503	5
509	10
513	8
516	8
524	6
541	8
543	4
555	9
558	9
561	8
565	8
571	6
572	6
585	8
590	2
595	2
600	8
603	2
619	8
622	9
624	10
627	6
632	4
633	6
636	4
649	10
650	4
653	1
657	5
662	8
672	6
683	8
688	8
691	8
695	8
696	6
704	8
708	10
714	5
725	6
732	3
739	6
741	4
742	6
745	6
746	7
759	6
761	8
764	6
765	4
772	6
773	8
780	6
784	6
793	7
798	5
805	10
813	4
814	6
820	8
831	10
833	8
838	4
840	6
857	4
859	6
865	10
867	1
868	8
874	5
885	8
886	6
887	8
890	4
902	8
909	7
910	1
916	8
933	4
936	6
949	4
954	6
957	6
961	6
962	10
971	8
977	4
978	6
984	6
992	6
1003	8
1013	6
1016	2
1018	6
1021	6
1025	2
1026	9
1030	6
1033	6
1035	9
1045	7
1048	8
1052	7
1060	8
1075	2
1077	5
1116	4
1134	8
1137	6
1139	6
1151	10
1154	6
1158	6
1160	8
1173	8
1174	8
1177	8
1178	9
1185	10
1186	8
1198	7
1201	10
1202	8
1218	6
1219	10
1223	4
1233	4
1235	10
1239	8
1245	4
1265	4
1266	9
1270	8
1271	8
1278	4
1287	4
1288	9
1294	4
1296	6
1301	4
1302	5
1304	4
1311	10
1317	9
1321	8
1327	6
1328	4
1331	8
1333	6
1337	6
1352	10
1355	6
1360	8
1377	6
1378	7
1388	10
1391	6
1392	5
1396	10
1397	7
1407	8
1408	6
1419	4
1422	8
1423	10
1427	3
1431	10
1435	7
1460	8
1467	4
1474	10
1478	2
1485	4
1489	8
1515	6
1519	8
1520	8
1521	5
1522	7
1529	8
1531	8
1536	6
1537	8
1545	6
1546	7
1556	8
1557	6
1562	8
1567	10
1590	3
1597	10
1605	10
1609	4
1610	6
1618	10
1627	5
1630	10
1632	7
1640	7
1649	10
1651	7
1663	7
1668	7
1689	8
1691	8
1702	8
1710	6
1740	6
1751	4
1756	7
1762	4
1763	8
1771	7
1786	9
1791	6
1792	3
1793	7
1794	9
1800	6
1804	2
1805	6
1816	6
1817	7
1818	4
1823	2
1826	4
1828	9
1840	7
1847	8
1849	7
1854	7
1858	8
1861	6
1866	8
1870	4
1876	7
1880	10
1887	2
1888	8
1891	10
1898	6
1904	7
1906	8
1915	1
1918	8
1925	6
1930	8
1937	8
1953	6
1954	8
1959	8
1960	6
1966	2
1971	6
1974	5
1977	8
1981	8
1987	10
1988	7
1999	8
2006	4
2012	7
2023	6
2026	10
2027	6
2029	8
2033	10
2034	6
2037	4
2042	8
2045	5
2050	8
2052	6
2053	6
2058	8
2063	8
2064	6
2067	6
2069	8
2072	6
2073	8
2083	8
2096	6
2103	8
2106	4
2115	8
2116	7
2122	3
2127	2
2128	2
2129	8
2130	7
2134	6
2141	9
2147	8
2154	7
2160	8
2162	4
2167	8
2168	5
2171	8
2178	8
2180	6
2181	7
2185	10
2189	2
2190	6
2203	4
2210	4
2218	8
2222	10
2227	8
2233	2
2237	10
2238	5
2243	8
2250	8
2251	8
2254	10
2262	8
2269	6
2271	9
2275	4
2281	5
2282	2
2298	10
2308	6
2325	6
2326	8
2336	8
2339	10
2350	6
2356	8
2359	10
2361	5
2380	4
2394	6
2397	4
2398	7
2402	7
2406	8
2407	7
2418	4
2424	2
2427	10
2428	8
2429	5
2433	10
2435	7
2438	10
2443	10
2448	8
2455	6
2460	8
2461	10
2462	6
2463	8
2466	10
2467	2
2468	6
2470	1
2471	6
2486	8
2491	6
2492	9
2495	8
2500	5
2504	6
2505	8
2513	8
2515	6
2517	8
2520	6
2521	10
2531	6
2536	7
2539	8
2542	6
2548	4
2554	10
2566	6
2567	8
2573	2
2574	5
2583	6
2587	2
2588	6
2589	10
2590	6
2591	6
2592	8
2596	6
2601	8
2602	10
2604	5
2610	8
2612	10
2613	4
2622	8
2624	10
2625	9
2626	5
2631	4
2633	4
2634	3
2642	7
2653	9
2657	7
2662	5
2665	7
2675	6
2676	6
2678	8
2680	3
2684	6
2685	6
2686	6
2692	7
2696	10
2699	4
2705	8
2706	6
2711	5
2714	7
2716	1
2720	4
2723	7
2727	7
2729	6
2730	6
2731	4
2735	9
2736	7
2745	6
2752	7
2756	7
2757	6
2764	8
2765	8
2784	6
2790	4
2796	8
2798	8
2801	8
2809	10
2810	4
2812	5
2813	5
2818	8
2820	7
2821	8
2822	10
2823	8
2824	6
2828	6
2829	6
2834	6
2842	6
2852	4
2853	8
2857	2
2863	8
2879	9
2883	8
2891	5
2892	9
2895	8
2900	6
2906	6
2913	2
2920	8
2929	7
2933	6
2936	8
2942	8
2943	10
2945	8
2952	4
2963	2
2964	5
2969	5
2983	10
2984	7
2987	8
2989	7
2991	4
3001	8
3005	4
3014	8
3022	6
3030	8
3034	8
3043	8
3048	6
3057	7
3061	6
3067	6
3068	5
3070	10
3073	10
3086	5
3089	6
3097	6
3102	2
3103	6
3104	1
3110	1
3111	2
3115	4
3116	4
3117	6
3125	4
3136	10
3145	6
3149	5
3153	8
3154	8
3159	6
3163	4
3164	8
3171	6
3174	6
3180	8
3181	6
3182	6
3183	3
3185	6
3189	4
3191	4
3195	10
3197	8
3207	6
3208	6
3219	4
3220	8
3222	8
3235	8
3244	8
3245	6
3255	6
3258	1
3259	6
3264	8
3265	6
3267	6
3270	7
3274	8
3277	5
3278	10
3282	6
3283	6
3288	10
3294	10
3296	8
3298	4
3303	8
3313	9
3325	9
3327	6
3330	1
3336	8
3343	2
3350	6
3358	10
3366	6
3383	9
3384	8
3402	4
3407	2
3411	10
3426	8
3427	8
3433	6
3434	7
3468	6
3472	8
3476	8
3477	5
3482	6
3484	7
3485	1
3493	6
3500	6
3503	6
3509	2
3517	9
3519	10
3526	10
3527	7
3535	4
3540	8
3548	2
3549	7
3555	8
3568	8
3573	8
3579	6
3581	7
3593	10
3594	4
3595	8
3597	6
3599	8
3610	7
3613	6
3621	9
3624	4
3634	6
3635	8
3638	8
3639	8
3642	9
3646	5
3652	6
3680	6
3684	10
3687	4
3690	6
3705	8
3715	4
3721	8
3724	1
3727	8
3728	4
3729	8
3734	6
3736	4
3741	8
3747	6
3754	10
3755	8
3759	6
3761	6
3775	8
3776	8
3783	6
3784	6
3792	6
3793	6
3795	8
3796	8
3804	8
3805	6
3806	6
3810	5
3812	8
3816	4
3817	7
3828	8
3829	10
3840	2
3849	9
3851	2
3853	5
3865	2
3872	4
3901	10
3908	8
3915	6
3917	7
3920	8
3922	5
3929	8
3937	2
3942	6
3956	6
3967	6
3977	10
3981	10
3985	6
3991	5
3994	5
3997	6
4001	1
4007	8
4009	2
4013	8
4017	7
4020	10
4021	6
4022	7
4024	8
4033	8
4034	7
4040	8
4050	4
4051	6
4053	3
4056	7
4065	4
4077	8
4078	6
4090	2
4092	6
4096	10
4099	7
4104	8
4105	5
4109	10
4113	4
4114	8
4115	10
4121	7
4128	10
4129	5
4136	8
4156	8
4170	6
4171	8
4175	2
4177	3
4182	4
4184	4
4194	8
4195	1
4199	10
4208	4
4210	8
4216	10
4218	7
4223	8
4234	5
4235	4
4241	8
4243	8
4249	8
4253	6
4257	6
4272	6
4274	8
4294	5
4300	7
4302	7
4303	5
4317	10
4323	6
4333	8
4339	8
4345	4
4347	4
4353	7
4359	7
4361	10
4363	8
4368	8
4369	4
4371	10
4372	2
4373	10
4374	7
4375	7
4377	6
4385	8
4395	8
4401	8
4403	8
4414	6
4417	4
4421	10
4424	10
4426	7
4432	6
4435	6
4436	6
4449	6
4450	8
4456	8
4459	8
4463	5
4487	4
4494	7
4497	8
4499	7
4501	6
4503	9
4513	4
4514	6
4515	6
4517	5
4520	5
4523	8
4526	6
4532	6
4534	8
4538	5
4539	5
4547	2
4549	7
4557	10
4565	2
4568	6
4572	4
4573	4
4581	6
4589	6
4596	6
4598	4
4600	6
4605	5
4606	7
4612	10
4615	5
4616	10
4621	6
4623	8
4640	6
4650	6
4657	8
4658	10
4664	8
4665	6
4675	10
4681	8
4685	6
4702	8
4711	8
4715	6
4719	5
4726	2
4736	8
4739	6
4748	4
4754	7
4766	6
4779	2
4783	4
4786	4
4790	6
4798	10
4803	8
4804	5
4812	2
4813	8
4814	2
4815	2
4826	8
4827	8
4834	7
4854	2
4860	10
4867	7
4868	7
4869	7
4877	6
4881	6
4883	8
4904	8
4908	7
4917	5
4920	7
4924	6
4928	6
4939	6
4942	6
4943	7
4948	8
4954	5
4955	8
4956	8
4958	6
4959	3
4964	8
4982	4
5001	6
5007	10
5008	7
5012	6
5014	10
5016	6
5018	2
5027	10
5032	5
5034	4
5039	8
5052	8
5058	8
5061	8
5066	5
5070	8
5085	4
5089	4
5092	10
5100	6
5103	10
5105	4
5108	2
5110	8
5112	6
5114	4
5118	6
5123	6
5129	10
5131	6
5134	8
5136	6
5138	7
