7	6
8	8
13	10
34	6
56	10
65	8
73	8
78	7
92	9
96	6
105	4
122	10
125	7
126	10
139	6
144	9
152	8
154	7
179	10
190	5
196	10
214	6
226	10
244	8
263	10
267	6
275	8
289	8
292	9
302	6
303	6
319	10
323	6
325	5
348	8
362	9
368	6
376	7
386	8
407	9
417	6
424	8
426	8
438	6
444	6
463	4
474	10
479	4
480	8
485	8
516	9
529	2
533	8
535	9
543	10
545	5
554	7
570	6
571	8
572	8
578	4
596	6
603	6
621	6
650	8
657	8
659	7
665	7
668	6
674	8
686	8
688	9
731	10
745	8
746	8
754	8
765	10
767	9
786	6
798	7
803	8
817	10
820	7
821	8
826	8
833	10
841	8
867	10
886	6
912	10
936	6
957	8
971	8
972	10
985	6
988	6
1018	7
1033	8
1072	8
1075	10
1105	8
1132	10
1137	6
1139	9
1144	10
1146	8
1168	10
1173	4
1174	6
1177	10
1206	10
1224	7
1288	3
1297	8
1300	10
1302	8
1316	10
1320	8
1325	8
1327	9
1333	6
1353	6
1355	9
1367	6
1377	8
1378	7
1384	10
1391	6
1392	7
1402	8
1408	9
1419	2
1423	8
1449	4
1454	10
1466	9
1478	10
1480	8
1495	10
1514	8
1515	8
1536	8
1541	5
1546	7
1558	5
1567	10
1568	8
1573	8
1582	6
1621	8
1630	10
1640	6
1650	10
1690	10
1691	7
1697	7
1709	4
1724	6
1725	8
1727	7
1741	7
1750	8
1751	6
1755	9
1763	8
1770	9
1771	8
1774	10
1775	8
1781	9
1786	8
1805	9
1854	8
1860	8
1861	5
1904	7
1915	9
1918	9
1926	9
1930	6
1945	7
1963	8
1965	2
1976	6
1977	6
1981	8
1987	8
1988	8
1993	9
2010	6
2034	7
2039	9
2050	6
2052	10
2053	7
2057	8
2107	8
2134	9
2141	8
2170	6
2192	8
2197	10
2204	8
2215	7
2218	8
2224	8
2233	10
2237	10
2238	7
2267	10
2282	7
2294	6
2325	6
2326	8
2339	7
2360	6
2361	7
2374	10
2377	5
2421	9
2424	10
2425	6
2428	6
2433	8
2435	9
2448	7
2453	8
2460	8
2469	7
2470	7
2484	7
2509	6
2512	8
2517	6
2522	8
2536	9
2545	5
2555	6
2573	8
2574	9
2584	8
2596	10
2602	10
2603	8
2617	8
2633	2
2652	10
2657	7
2661	10
2672	4
2686	7
2692	6
2698	9
2708	8
2720	4
2724	7
2729	10
2735	5
2741	6
2745	10
2746	6
2765	8
2792	7
2806	10
2813	4
2822	6
2846	10
2852	8
2859	8
2883	8
2894	8
2900	5
2904	8
2905	8
2910	8
2924	8
2925	6
2936	7
2950	8
2952	8
2957	7
2963	6
2987	10
3005	9
3016	6
3022	8
3033	7
3042	6
3043	6
3044	6
3057	9
3063	6
3067	8
3072	5
3089	10
3109	10
3110	6
3117	9
3119	6
3143	8
3144	10
3148	8
3149	6
3164	9
3169	8
3170	10
3174	6
3175	10
3186	8
3204	9
3209	8
3216	7
3219	6
3220	8
3228	10
3244	10
3250	6
3264	8
3270	8
3298	6
3299	7
3301	8
3313	9
3323	6
3325	6
3340	8
3347	6
3350	8
3366	10
3388	8
3426	10
3428	6
3434	6
3440	4
3476	10
3535	10
3539	8
3541	8
3544	8
3546	9
3579	7
3592	6
3604	8
3624	8
3634	10
3646	10
3653	10
3672	7
3687	8
3688	7
3690	6
3692	9
3698	10
3754	6
3776	8
3777	6
3783	10
3791	10
3793	7
3795	8
3796	6
3817	8
3830	9
3840	6
3841	8
3849	8
3864	8
3873	6
3901	2
3907	6
3916	8
3965	10
3991	7
3997	10
3998	8
4002	8
4005	8
4010	4
4022	6
4025	9
4071	4
4078	10
4090	4
4098	8
4099	6
4114	9
4129	9
4140	10
4153	7
4177	5
4182	10
4218	8
4223	8
4226	6
4230	8
4240	6
4244	9
4257	8
4258	6
4264	8
4285	8
4302	5
4306	6
4316	2
4317	10
4329	8
4335	6
4338	5
4345	8
4347	6
4359	8
4368	6
4374	8
4396	6
4401	7
4405	6
4418	8
4436	8
4445	8
4458	8
4461	10
4502	8
4513	8
4517	10
4523	8
4524	10
4532	8
4534	8
4538	10
4549	7
4555	6
4587	10
4598	6
4623	9
4651	8
4657	8
4665	6
4666	6
4681	10
4697	9
4712	6
4716	8
4719	7
4726	8
4728	9
4734	7
4743	9
4768	8
4772	6
4773	8
4783	10
4784	7
4826	6
4827	7
4844	10
4850	8
4872	6
4917	10
4938	10
4954	8
4964	10
4973	7
4978	8
4988	10
5014	7
5039	9
5043	3
5047	8
5062	8
5085	10
5100	8
5112	6
5118	4
5123	8
5129	6
5134	8
5138	5
5155	9
5168	6
5182	6
5196	10
5201	6
5203	10
5219	8
5231	10
5232	8
5235	8
5238	7
5246	10
5247	2
5262	5
5266	8
5285	8
5296	8
5307	9
5314	8
5329	6
5348	9
5353	7
5358	9
5366	8
5370	8
5390	10
5414	9
5425	6
5444	6
5451	6
5459	8
5461	7
5464	10
5465	6
5477	8
5479	8
5480	8
5488	10
5495	8
5519	10
5523	8
5524	6
5526	6
5529	9
5546	9
5552	8
5564	6
5578	10
5580	4
5583	9
5600	8
5615	8
5616	10
5617	7
5658	7
5667	9
5678	10
5703	10
5709	6
5714	6
5716	6
5719	8
5732	6
5737	7
5746	8
5757	9
5763	10
5771	10
5778	10
5779	6
5780	6
5794	8
5798	6
5804	6
5813	8
5824	6
5831	6
5834	2
5835	8
5836	9
5840	7
5843	6
5849	8
5858	8
5865	8
5875	8
5876	10
5885	10
5886	9
5888	10
5892	9
5913	9
5917	8
5919	8
5925	7
5930	6
5931	10
5932	6
5947	6
5955	8
5969	10
5970	4
5982	10
5999	6
6014	7
6018	6
6045	10
6046	8
6074	6
6104	8
6128	8
6142	10
6148	6
6150	4
6159	4
6161	8
6179	6
6203	9
6204	6
6209	8
6227	9
6235	8
6245	8
6251	10
6316	8
6338	6
6352	8
6358	8
6365	8
6370	10
6371	4
6382	8
6389	4
6393	8
6403	8
6418	8
6431	8
6435	6
6443	7
6458	8
6465	6
6475	2
6476	10
6477	10
6503	8
6508	7
6522	7
6554	7
6558	9
6581	8
6604	10
6605	6
6610	8
6624	8
6625	7
6629	9
6640	7
6651	10
6669	4
6674	7
6678	9
6685	8
6716	10
6717	6
6725	9
6730	6
6739	5
6743	10
6757	6
6758	6
6770	6
6773	10
6774	8
6776	9
6812	10
6816	4
6836	6
6840	10
6845	6
6853	9
6860	8
6879	4
6886	8
6889	8
6890	7
6909	8
6932	5
6935	10
6941	6
6948	8
6959	7
6971	8
6974	8
6982	10
6986	8
6991	6
6992	8
7010	8
7011	8
7012	7
7017	8
7030	8
7040	8
7061	10
7075	8
7078	5
7081	8
7127	8
7152	6
7154	8
7156	9
7163	7
7181	7
7185	8
7195	8
7196	6
7198	6
7203	7
7216	6
7235	10
7236	10
7252	7
7270	7
7282	6
7287	7
7303	6
7304	8
7314	8
7323	8
7337	6
7341	8
7344	10
7354	8
7356	4
7376	6
7384	6
7385	6
7391	8
7410	6
7417	7
7426	8
7461	6
7472	7
7476	8
7508	3
7527	6
7529	6
7534	7
7555	8
7560	4
7565	6
7568	8
7580	8
7591	8
7608	4
7610	8
7612	6
7613	8
7634	8
7649	8
7654	6
7660	6
7678	9
7683	6
7685	7
7703	9
7707	8
7711	10
7716	7
7727	10
7740	8
7757	8
7762	6
7778	4
7786	9
7794	6
7795	10
7804	8
7808	7
7814	7
7819	9
7838	10
7870	6
7879	6
7890	10
7903	8
7914	8
7919	9
7970	9
7978	6
7982	10
7989	6
7993	9
7997	8
8020	5
8021	8
8047	10
8048	8
8050	5
8058	7
8060	10
8063	8
8075	7
8083	7
8096	8
8101	8
8118	8
8127	9
8141	6
8153	8
8162	4
8165	8
8168	8
8173	6
8181	7
8188	10
8198	6
8213	10
8214	9
8224	6
8228	5
8238	9
8248	8
8260	6
8265	3
8272	6
8275	9
8293	8
8297	8
8324	8
8331	8
8338	8
8352	7
8354	7
8365	10
8395	10
8399	8
8404	8
8412	8
8474	8
8475	8
8479	7
8482	9
8551	2
8557	8
8569	6
8604	6
8610	9
8618	6
8621	7
8624	6
8631	10
8651	9
8661	6
8666	9
8681	10
8686	8
8706	8
8712	4
8716	10
8734	4
8740	8
8769	9
8811	6
8823	8
8837	8
8841	8
8849	6
8852	7
8856	9
8867	8
8875	10
8889	9
8892	10
8960	6
8962	6
8964	8
8965	7
8969	6
8973	9
8977	9
8987	8
9020	6
9022	10
9048	4
9060	10
9065	6
9074	10
9075	8
9105	6
9117	9
9137	6
9139	10
9140	6
9149	10
9160	8
9166	6
9167	7
9171	2
9176	10
9177	7
9181	7
9186	8
9196	8
9206	6
9211	7
9212	7
9238	5
9248	8
9255	8
9268	8
9273	9
9302	6
9335	8
9355	8
9358	5
9359	6
9363	9
9369	8
9375	5
9391	10
9393	6
9408	10
9415	6
9421	8
9434	9
9462	8
9473	8
9474	6
9486	8
9493	10
9496	6
9505	8
9519	7
9522	8
9531	7
9547	8
9549	6
9550	7
9554	8
9570	8
9595	10
9601	6
9634	8
9639	7
9650	10
9662	7
9666	8
9672	7
9676	10
9679	9
9696	8
9697	9
9702	8
9704	8
9712	6
9719	8
9727	8
9742	7
9752	10
9760	8
9786	10
9791	6
9809	6
9818	10
9823	6
9827	6
9841	7
9843	4
9844	4
9856	10
9900	10
9902	7
9919	9
9922	8
9926	6
9927	8
9944	7
9972	6
9975	4
9980	10
9988	8
10013	10
10014	8
10023	4
10035	6
10036	7
10041	2
10043	10
10044	9
10057	8
10061	8
10073	6
10083	9
10098	9
10099	7
10112	10
10127	8
10129	8
10136	8
10144	7
10148	7
10170	8
10171	8
10176	4
10184	6
10203	10
10204	6
10207	6
10239	8
10245	8
10258	5
10270	6
10281	8
10286	9
10288	8
10290	6
10292	8
10298	10
10313	9
10317	10
10327	5
10334	8
