8	8
78	3
88	10
92	2
125	10
144	7
154	6
190	8
210	7
212	2
215	8
259	6
262	6
276	8
292	4
296	7
303	5
318	5
330	9
358	9
368	6
403	6
426	6
434	8
459	8
469	10
482	6
491	9
503	4
509	6
516	8
524	8
543	7
558	6
561	9
571	4
572	6
622	10
640	8
657	7
698	8
723	5
742	8
746	8
772	7
784	8
798	6
805	8
820	8
826	7
857	7
867	7
902	6
909	8
922	7
983	8
1009	9
1018	5
1026	4
1027	7
1035	9
1045	2
1072	10
1077	1
1090	8
1121	3
1132	8
1139	1
1169	8
1174	6
1203	10
1206	6
1224	7
1230	5
1236	7
1256	6
1263	6
1267	8
1281	2
1288	1
1294	10
1302	8
1306	9
1326	7
1355	7
1374	6
1378	9
1391	8
1392	4
1407	9
1408	2
1419	1
1433	7
1440	7
1442	8
1460	7
1466	4
1478	7
1480	10
1500	6
1582	4
1587	5
1632	6
1639	2
1640	6
1667	2
1668	8
1728	5
1741	5
1750	7
1751	6
1755	9
1771	7
1774	5
1777	10
1786	5
1805	7
1854	7
1858	9
1860	3
1871	8
1881	5
1885	3
1908	7
1915	3
1918	6
1926	5
1932	1
1936	8
1965	7
1966	8
1981	8
1987	7
1988	6
2012	4
2013	6
2018	7
2034	6
2053	2
2064	6
2117	10
2134	3
2153	9
2204	5
2205	8
2214	6
2218	5
2237	4
2281	8
2282	8
2320	8
2330	8
2339	3
2361	4
2368	4
2369	10
2385	8
2398	4
2402	5
2414	8
2428	9
2435	7
2448	3
2455	8
2463	7
2469	6
2471	5
2491	4
2492	7
2499	6
2505	6
2509	4
2513	8
2517	7
2536	5
2542	8
2556	6
2558	8
2570	7
2573	3
2574	6
2590	8
2654	6
2662	6
2673	6
2686	4
2692	4
2696	7
2698	8
2706	7
2714	5
2723	6
2728	9
2735	5
2756	7
2783	4
2784	5
2785	7
2810	4
2812	7
2813	6
2820	5
2862	6
2863	8
2867	9
2890	7
2900	10
2920	6
2930	3
2936	7
2950	10
2952	7
2957	7
2964	8
2969	7
3010	2
3022	8
3027	7
3057	9
3067	4
3089	6
3104	4
3110	5
3114	8
3138	6
3149	1
3171	6
3174	7
3190	8
3197	4
3219	4
3220	2
3229	7
3230	6
3266	6
3271	5
3274	7
3298	2
3299	6
3301	6
3304	2
3313	8
3324	6
3325	1
3336	6
3392	7
3428	2
3429	6
3445	4
3484	7
3485	5
3488	9
3517	10
3526	7
3541	3
3565	10
3595	9
3599	8
3635	4
3639	2
3646	8
3667	9
3688	8
3730	7
3748	6
3761	4
3770	3
3783	6
3784	2
3793	2
3810	6
3813	4
3817	7
3842	1
3849	9
3853	7
3867	4
3908	5
3937	4
3970	10
3977	5
3985	3
3987	8
3991	6
4020	10
4021	7
4022	8
4033	6
4048	8
4050	7
4078	6
4099	8
4105	9
4106	9
4114	8
4136	10
4147	5
4156	5
4171	10
4177	5
4218	3
4233	8
4333	8
4347	8
4352	5
4364	1
4368	6
4375	8
4379	8
4403	5
4419	5
4449	4
4459	6
4486	5
4499	6
4503	5
4510	8
4513	5
4514	7
4526	8
4544	4
4549	7
4606	5
4616	3
4649	9
4650	5
4657	8
4661	4
4697	7
4715	6
4774	10
4787	7
4812	3
4822	4
4827	6
4833	7
4874	9
4890	9
4895	10
4912	6
4917	9
4933	8
4951	8
4955	8
4956	8
4965	6
4978	6
5014	8
5028	7
5032	9
5039	5
5085	1
5110	9
5129	8
5131	5
5134	8
5138	4
5143	9
5150	7
5168	5
5174	2
5227	5
5232	8
5238	8
5241	5
5271	5
5280	5
5339	7
5346	7
5392	5
5400	7
5404	5
5414	5
5415	4
5418	2
5446	4
5459	8
5461	6
5469	7
5480	6
5495	3
5519	9
5539	2
5546	8
5552	5
5557	10
5575	9
5586	7
5608	2
5621	8
5641	8
5654	2
5667	4
5669	3
5670	8
5671	2
5687	6
5703	8
5716	8
5722	3
5747	7
5760	7
5767	6
5776	7
5779	4
5791	2
5802	9
5807	4
5829	6
5831	4
5836	10
5841	1
5886	8
5890	5
5891	8
5892	8
5909	5
5935	9
5947	3
5948	2
5954	8
5955	4
5963	10
5978	5
6010	7
6014	8
6018	6
6047	8
6063	8
6067	9
6117	3
6119	6
6131	8
6144	6
6150	6
6159	1
6162	8
6163	6
6166	7
6172	2
6188	4
6204	7
6227	10
6232	9
6253	6
6276	4
6277	8
6285	7
6317	6
6339	8
6340	7
6366	5
6369	6
6370	7
6393	5
6421	8
6443	5
6459	10
6460	2
6461	4
6481	5
6491	8
6508	7
6509	10
6532	5
6550	5
6554	8
6555	4
6571	8
6584	6
6592	4
6599	2
6605	9
6606	9
6616	7
6629	8
6640	10
6644	4
6646	8
6649	10
6678	7
6708	5
6717	8
6724	7
6725	8
6731	7
6754	8
6757	7
6758	8
6770	4
6776	2
6806	7
6814	7
6817	5
6818	10
6836	2
6845	2
6854	7
6858	9
6862	4
6867	10
6890	7
6893	2
6913	9
6915	4
6925	1
6941	3
6946	6
6971	10
6973	4
6986	5
6992	7
7004	8
7011	8
7035	4
7036	8
7040	6
7044	9
7067	8
7069	2
7077	8
7078	7
7109	1
7127	5
7145	6
7156	9
7185	7
7195	8
7212	7
7217	9
7218	4
7252	6
7267	8
7282	7
7315	6
7317	10
7325	7
7354	4
7356	10
7367	9
7393	8
7411	7
7417	8
7426	8
7471	7
7472	1
7489	5
7508	5
7514	6
7522	6
7534	5
7545	4
7561	7
7587	3
7591	7
7604	1
7612	6
7619	8
7624	5
7635	7
7646	9
7677	5
7678	8
7683	6
7685	6
7724	5
7728	9
7743	2
7757	8
7758	8
7764	5
7774	9
7778	6
7786	4
7819	8
7820	7
7824	10
7849	6
7857	2
7938	3
7978	6
7979	6
7986	8
8004	2
8013	8
8019	6
8020	9
8026	8
8041	7
8048	8
8050	6
8058	6
8063	6
8075	4
8097	1
8101	9
8102	4
8111	6
8147	5
8164	7
8168	3
8186	7
8189	3
8202	4
8207	8
8208	6
8209	5
8216	7
8228	2
8248	6
8279	4
8294	6
8308	4
8354	4
8357	8
8374	1
8388	1
8419	4
8427	5
8432	9
8467	1
8475	5
8480	6
8481	3
8504	8
8518	10
8530	7
8559	7
8568	9
8573	8
8579	6
8593	6
8604	6
8609	5
8619	8
8621	5
8642	6
8651	4
8653	5
8656	2
8682	6
8683	4
8701	7
8704	1
8706	8
8726	8
8734	4
8738	3
8747	7
8755	7
8757	2
8782	4
8784	6
8787	6
8793	7
8803	2
8811	6
8826	7
8833	6
8843	9
8858	8
8867	7
8875	5
8892	10
8894	5
8899	7
8905	6
8908	1
8929	6
8930	8
8970	4
8973	10
8977	7
8991	8
8993	5
8996	4
9021	8
9048	1
9076	3
9085	1
9093	6
9104	6
9117	4
9139	8
9141	9
9161	6
9165	6
9167	5
9176	4
9181	2
9182	6
9192	7
9193	7
9196	5
9212	6
9238	6
9239	7
9275	5
9302	4
9310	2
9311	5
9353	4
9355	5
9359	7
9370	5
9452	9
9453	8
9462	9
9469	8
9473	8
9481	10
9519	7
9522	5
9531	7
9538	2
9595	7
9599	3
9601	9
9610	7
9625	6
9637	10
9646	8
9666	10
9713	8
9787	8
9795	6
9802	9
9809	5
9827	8
9841	6
9877	6
9902	6
9917	7
9928	2
9932	7
9944	6
9952	1
9979	7
10012	9
10014	5
10051	7
10068	4
10094	3
10099	8
10102	6
10132	6
10153	7
10154	10
10162	7
10205	4
10229	6
10231	4
10250	9
10257	4
10258	8
10276	2
10281	7
10286	4
10288	6
10313	7
10354	9
10368	6
10374	5
10384	5
10385	5
10444	6
10469	10
10470	6
10476	4
10503	4
10516	7
10563	10
10598	7
10609	6
10636	7
10652	7
10668	7
10673	9
10674	2
10680	3
10703	10
10708	4
10715	8
10745	10
10749	10
10771	8
10782	1
10791	5
10799	8
10811	7
10836	8
10856	7
10858	6
10896	6
10917	4
10920	10
10931	7
10935	6
10937	6
10955	9
10963	8
10995	7
11003	6
11023	5
11024	9
11035	6
11036	9
11042	10
11045	2
11071	9
11077	8
11089	6
11090	8
11113	8
11114	5
11117	7
11153	5
11158	4
11165	6
11180	8
11186	6
11195	8
11203	2
11208	1
11220	8
11221	7
11239	6
11244	8
11255	7
11278	8
11292	6
11306	6
11325	8
11342	7
11346	10
11383	7
11447	4
11448	7
11470	4
11485	6
11495	6
11521	7
11530	4
11562	8
11569	8
11582	8
11595	6
11605	10
11615	1
11627	7
11628	9
11633	3
11637	9
11638	4
11663	6
11664	6
11686	4
11712	7
11739	5
11757	3
11758	5
11776	5
11786	1
11803	4
11805	10
11810	3
11824	7
11825	8
11838	3
11847	2
11849	10
11874	6
11894	10
11898	3
11900	4
11905	10
11922	9
11923	8
11942	1
11959	4
11962	7
11964	9
11980	4
11990	4
12006	6
12012	6
12013	7
12025	3
12028	7
12041	5
12042	6
12056	8
12064	7
12080	6
12103	8
12123	8
12138	7
12139	6
12150	1
12159	8
12164	8
12197	7
12207	2
12256	9
12265	5
12272	8
12282	8
12283	10
12289	6
12302	8
12309	8
12313	7
12319	4
12326	1
12349	7
12366	7
12367	7
12377	7
12428	6
12444	10
12451	8
12455	3
12457	5
12458	7
12467	2
12498	6
12501	1
12532	7
12574	6
12584	6
12593	8
12610	5
12621	7
12622	6
12640	5
12644	7
12690	8
12695	8
12696	6
12734	5
12739	8
12747	5
12760	4
12774	6
12781	1
12785	10
12791	7
12800	6
12801	5
12811	7
12824	7
12860	8
12866	9
12904	4
12910	7
12917	2
12921	10
12932	8
12939	10
12969	1
12986	7
12987	7
13001	7
13032	9
13034	8
13043	6
13069	6
13082	4
13091	8
13092	5
13098	8
13110	2
13122	7
13148	8
13150	7
13157	2
13159	6
13164	5
13166	8
13194	6
13234	7
13247	10
13271	8
13283	2
13290	4
13291	8
13295	10
13303	8
13304	8
13318	6
13321	4
13323	6
13335	6
13352	5
13356	3
13369	2
13372	7
13376	6
13380	6
13414	5
