8	7
34	8
35	5
36	6
66	7
67	8
76	8
86	8
88	9
94	6
101	8
103	6
116	6
118	6
125	4
126	2
139	6
144	5
149	4
154	8
164	6
173	6
179	2
193	8
196	6
215	6
221	6
228	10
232	6
236	6
247	8
249	8
251	2
253	4
254	6
258	6
267	4
271	6
274	6
276	2
281	6
292	4
294	8
300	6
307	7
311	6
319	4
328	4
334	6
340	6
348	5
362	2
372	4
379	4
383	2
407	9
414	5
426	6
433	6
436	6
450	4
452	9
456	8
459	6
463	6
474	6
476	6
481	8
494	6
495	6
505	6
506	6
513	4
516	4
541	4
543	9
553	8
556	2
558	6
562	10
571	3
574	8
584	10
588	4
589	6
600	6
604	6
605	6
607	6
616	6
621	7
622	9
623	8
634	8
639	5
641	4
645	6
650	4
653	6
658	6
661	8
672	4
683	7
688	3
700	6
719	6
734	6
739	6
743	6
761	6
775	4
779	1
785	6
795	6
798	3
815	9
823	10
827	6
828	10
837	4
841	8
846	6
857	8
859	6
863	8
870	6
881	6
891	4
895	8
896	4
898	6
902	6
907	8
910	1
919	8
922	6
937	8
946	8
949	10
953	10
956	6
957	6
963	10
986	6
988	6
990	6
1011	4
1026	3
1027	8
1048	1
1050	4
1052	6
1057	8
1059	10
1070	4
1078	8
1103	6
1114	6
1123	2
1126	8
1133	8
1139	4
1142	4
1143	10
1147	6
1154	7
1156	8
1160	7
1166	4
1169	7
1171	6
1174	6
1178	7
1183	10
1194	8
1198	5
1199	2
1202	6
1204	4
1224	6
1227	4
1236	7
1238	6
1239	6
1242	8
1249	6
1254	6
1261	6
1265	6
1270	7
1296	6
1302	6
1304	6
1306	2
1309	6
1313	6
1317	4
1333	6
1335	10
1337	5
1355	4
1367	6
1377	4
1378	7
1380	6
1382	8
1383	6
1391	4
1399	8
1406	6
1407	7
1408	3
1409	8
1413	8
1419	1
1420	6
1440	7
1452	8
1466	6
1468	8
1474	2
1479	4
1486	6
1517	6
1530	6
1534	6
1542	8
1545	10
1546	2
1550	6
1563	3
1567	4
1570	8
1585	8
1590	1
1596	6
1598	10
1601	6
1605	8
1624	6
1628	6
1632	2
1650	4
1668	9
1676	4
1694	6
1699	10
1709	6
1710	3
1712	6
1714	6
1721	4
1741	7
1742	6
1755	9
1775	5
1795	6
1810	3
1819	6
1829	10
1833	3
1835	8
1849	7
1854	4
1859	4
1860	2
1861	1
1870	4
1874	2
1880	10
1887	6
1890	6
1895	8
1905	2
1909	6
1915	5
1918	6
1919	5
1928	6
1938	6
1945	8
1949	4
1950	6
1968	6
1971	2
1977	4
1980	6
1981	8
1988	5
1993	10
1996	4
2006	3
2018	5
2027	6
2034	5
2046	6
2047	6
2053	6
2054	6
2056	6
2062	6
2079	8
2081	8
2093	6
2123	4
2134	2
2142	6
2154	6
2170	2
2173	6
2187	8
2201	6
2204	5
2218	6
2221	10
2233	6
2247	6
2252	8
2254	6
2258	4
2263	6
2266	8
2281	2
2285	8
2291	7
2296	6
2300	6
2304	6
2315	1
2317	6
2328	6
2364	6
2370	6
2379	8
2385	6
2387	6
2411	6
2420	10
2424	2
2428	3
2429	6
2435	8
2445	6
2455	7
2457	6
2462	3
2467	2
2470	2
2472	6
2480	8
2487	3
2492	7
2498	8
2500	6
2517	3
2522	4
2531	7
2534	8
2536	5
2538	6
2541	2
2542	7
2543	6
2547	6
2556	7
2566	8
2575	8
2576	8
2581	6
2589	6
2596	4
2598	8
2612	8
2613	5
2614	8
2615	6
2619	9
2625	6
2626	5
2629	6
2635	6
2637	8
2641	6
2648	6
2657	8
2658	7
2660	10
2661	6
2662	5
2667	10
2672	9
2686	3
2692	7
2694	8
2698	7
2699	8
2700	8
2701	6
2708	8
2712	6
2723	5
2725	8
2729	6
2735	5
2736	7
2741	6
2742	2
2745	4
2754	8
2756	2
2765	8
2780	6
2783	1
2784	4
2787	6
2796	8
2797	8
2804	6
2810	6
2817	6
2821	6
2824	5
2826	8
2833	6
2845	6
2852	7
2853	6
2860	6
2872	6
2879	4
2890	7
2893	8
2896	8
2900	8
2902	8
2907	6
2909	8
2916	6
2920	7
2921	6
2923	10
2929	8
2936	4
2939	6
2941	10
2952	8
2957	7
2958	2
2961	8
2965	8
2969	7
2983	6
2986	6
2993	6
2994	6
2998	8
3002	6
3009	10
3013	6
3016	6
3022	8
3024	10
3027	8
3030	8
3032	2
3034	9
3051	6
3052	6
3057	8
3061	6
3065	8
3067	4
3068	4
3082	6
3089	5
3103	7
3108	8
3110	7
3116	6
3118	8
3125	8
3131	6
3149	4
3163	8
3171	4
3178	6
3190	7
3194	10
3197	5
3210	6
3219	4
3220	6
3241	6
3249	6
3258	3
3261	8
3277	6
3285	8
3286	6
3291	6
3298	5
3308	2
3313	6
3318	1
3321	6
3325	4
3336	5
3343	8
3350	7
3355	8
3368	3
3375	5
3376	8
3389	6
3409	8
3410	6
3417	2
3423	6
3428	5
3430	6
3432	8
3434	6
3435	7
3440	5
3442	6
3443	6
3444	6
3452	8
3458	8
3462	4
3472	6
3474	8
3476	8
3483	6
3486	6
3505	10
3513	6
3525	3
3526	9
3537	8
3542	8
3550	6
3573	7
3577	8
3579	8
3595	7
3599	7
3605	10
3624	6
3631	6
3633	6
3635	6
3646	6
3664	5
3668	10
3669	8
3675	6
3679	6
3681	6
3686	6
3687	6
3708	8
3718	8
3721	6
3725	6
3731	6
3747	6
3754	6
3756	6
3761	6
3770	6
3782	6
3784	2
3791	6
3794	8
3798	10
3810	1
3811	6
3816	5
3817	6
3840	8
3848	5
3854	6
3870	6
3879	6
3894	6
3904	8
3913	8
3924	8
3926	8
3942	6
3949	2
3957	6
3979	4
3987	6
4007	6
4020	5
4031	6
4033	8
4050	6
4054	6
4057	6
4060	6
4078	6
4099	6
4112	8
4129	5
4136	7
4138	6
4154	6
4155	6
4156	4
4177	4
4183	8
4187	6
4195	3
4217	4
4218	7
4219	4
4225	4
4227	8
4228	6
4229	4
4233	8
4235	4
4245	6
4246	8
4276	6
4289	4
4317	4
4320	4
4323	5
4343	6
4345	2
4347	7
4348	6
4352	6
4358	8
4364	6
4383	10
4385	7
4395	6
4401	3
4405	4
4430	4
4436	6
4443	6
4456	8
4457	8
4458	6
4460	6
4461	2
4469	6
4472	6
4475	6
4495	8
4514	7
4515	7
4517	5
4520	6
4526	5
4541	4
4566	8
4598	8
4605	4
4612	6
4616	8
4623	6
4628	4
4630	6
4650	4
4652	6
4669	6
4697	8
4703	5
4715	7
4720	6
4747	6
4749	6
4757	6
4758	8
4770	8
4783	4
4785	10
4799	6
4800	8
4804	7
4808	8
4819	6
4824	6
4827	5
4834	7
4859	6
4866	6
4867	5
4874	10
4876	8
4920	4
4923	6
4937	8
4954	8
4958	6
4966	10
4968	6
4981	6
4984	10
4992	6
5009	6
5012	4
5021	6
5027	8
5030	6
5032	8
5058	6
5061	4
5066	7
5067	6
5085	5
5101	6
5103	6
5104	4
5110	9
5112	2
5115	8
5118	2
5125	4
5129	6
5134	6
5137	8
5142	4
5162	6
5167	8
5168	6
5173	8
5174	2
5191	10
5194	6
5202	8
5203	6
5208	6
5215	10
5224	10
5226	6
5232	7
5257	6
5262	6
5266	7
5271	6
5272	6
5273	4
5275	8
5282	6
5285	3
5294	6
5296	8
5305	6
5314	8
5316	10
5321	9
5329	5
5335	6
5339	7
5355	6
5356	6
5365	6
5367	3
5376	6
5386	8
5395	8
5412	8
5417	6
5418	4
5424	6
5425	7
5431	6
5446	4
5451	7
5457	8
5459	8
5461	7
5474	6
5477	4
5479	8
5488	6
5495	5
5498	6
5508	4
5509	4
5510	5
5516	8
5518	8
5519	6
5532	6
5537	4
5562	6
5566	6
5579	8
5584	4
5592	8
5597	10
5601	6
5607	8
5612	6
5617	2
5626	2
5641	4
5654	2
5667	7
5678	6
5682	6
5689	6
5694	4
5714	4
5717	10
5722	3
5731	10
5734	5
5738	9
5744	8
5747	8
5754	8
5760	4
5764	6
5767	6
5768	4
5779	6
5795	2
5797	6
5804	6
5808	6
5822	2
5830	2
5836	8
5840	6
5841	5
5843	8
5858	5
5892	2
5893	8
5922	8
5933	6
5934	9
5935	8
5939	5
5941	6
5955	8
5967	10
5973	6
5974	4
5981	6
6004	6
6009	4
6010	5
6014	6
6017	4
6018	6
6019	6
6032	6
6042	4
6043	6
6047	6
6048	4
6049	6
6051	8
6074	8
6083	6
6092	6
6093	6
6108	6
6109	6
6113	6
6119	8
6121	8
6147	8
6148	6
6150	6
6160	8
6163	4
6167	6
6170	4
6172	6
6175	4
6176	6
6179	10
6184	8
6209	3
6211	10
6214	10
6219	5
6227	7
6238	4
6245	2
6256	6
6260	4
6264	7
6266	6
6272	7
6276	3
6277	6
6329	8
6330	4
6352	5
6363	5
6375	4
6380	6
6389	3
6400	4
6404	8
6408	8
6409	6
6410	2
6422	6
6426	4
6429	4
6434	8
6438	2
6443	7
6448	8
6457	6
6459	7
6472	8
6475	8
6481	4
6498	7
6503	8
6505	2
6508	5
6511	8
6512	2
6523	6
6534	8
6550	8
6552	8
6559	6
6571	4
6574	6
6587	6
6594	8
6600	1
6605	6
6610	6
6611	8
6613	6
6629	4
6636	6
6654	4
6656	10
6661	8
6664	8
6671	4
6685	4
6690	10
6691	6
6709	9
6710	6
6717	6
6723	6
6724	7
6732	6
6734	6
6736	6
6743	6
6745	6
6757	4
6758	4
6770	6
6772	6
6774	6
6776	5
6787	4
6798	6
6799	6
6802	2
6804	4
6806	7
6812	8
6814	7
6818	10
6823	6
6825	4
6827	8
6831	6
6836	4
6841	6
6845	10
6847	6
6850	6
6851	10
6856	10
6873	4
6882	6
6890	5
6892	6
6905	8
6919	6
6932	8
6933	8
6938	8
6947	6
6953	6
