2	6
11	8
18	8
19	8
24	10
26	10
27	8
30	10
34	6
35	8
36	6
38	7
47	10
57	10
64	6
76	10
77	8
84	6
90	8
91	6
92	6
100	6
106	6
112	6
116	8
122	6
125	8
126	4
135	8
139	8
143	10
144	7
149	5
154	7
157	8
164	10
166	8
171	10
173	10
175	8
189	8
198	9
200	10
201	6
203	8
204	6
209	8
212	5
213	10
214	6
215	8
221	10
226	6
228	8
229	6
232	8
242	10
249	8
251	2
254	8
258	6
262	7
265	8
267	5
270	8
273	8
276	6
282	8
290	8
292	4
296	7
305	10
309	6
310	10
316	10
318	4
320	8
326	8
327	8
334	10
340	8
348	8
349	6
356	4
365	6
366	6
368	6
381	10
383	3
386	8
390	6
393	8
399	10
404	6
405	6
407	8
410	10
411	8
416	6
419	6
422	8
426	6
429	4
432	8
433	8
434	8
438	8
444	10
449	6
450	6
455	8
459	8
461	8
462	8
463	8
465	8
473	6
476	8
481	9
482	8
484	10
485	6
491	8
494	10
496	8
503	8
516	8
522	6
523	6
524	7
526	8
533	6
536	8
537	6
541	10
543	8
545	8
551	10
553	10
555	9
556	8
558	8
562	10
563	6
568	8
571	5
572	7
578	6
579	6
581	6
594	10
601	6
604	8
606	4
612	10
616	8
617	8
621	7
627	6
630	10
633	5
634	8
636	6
647	10
655	8
656	8
657	6
660	8
661	10
669	6
670	10
672	6
676	8
677	8
678	6
679	4
683	8
685	6
688	9
690	8
691	8
693	8
695	8
706	10
714	7
719	8
721	8
724	8
727	8
731	10
734	10
737	8
738	10
739	8
745	8
746	7
755	6
756	6
757	10
759	6
762	8
765	10
767	9
770	6
771	8
775	10
780	6
784	6
785	10
786	8
788	8
798	7
799	10
802	8
811	8
812	8
813	6
815	8
820	7
823	10
826	7
827	10
829	8
830	8
833	7
836	8
840	6
846	6
853	10
857	8
859	6
863	8
866	6
867	6
869	7
881	10
885	8
886	6
887	6
890	10
891	6
892	8
900	6
902	9
903	10
905	8
908	10
914	10
915	6
917	6
918	10
919	10
923	10
928	4
931	6
932	8
935	10
939	6
945	6
951	10
952	10
954	10
964	5
969	8
971	10
972	8
977	4
997	10
1004	8
1005	8
1006	6
1008	6
1011	8
1019	10
1020	10
1026	9
1038	8
1043	10
1044	10
1045	9
1047	7
1051	6
1057	6
1066	10
1072	9
1073	10
1074	8
1075	6
1077	4
1083	6
1084	10
1088	4
1095	6
1098	8
1118	7
1124	2
1127	10
1129	6
1139	6
1144	8
1147	6
1169	7
1172	8
1174	7
1176	2
1177	8
1178	10
1179	4
1184	10
1186	3
1189	6
1190	8
1195	10
1197	7
1198	7
1202	5
1204	6
1207	6
1212	10
1214	7
1220	6
1224	10
1232	10
1238	6
1239	8
1242	10
1247	6
1250	8
1254	8
1256	1
1263	9
1265	6
1273	6
1274	8
1279	10
1288	10
1291	6
1296	8
1302	5
1303	6
1304	8
1315	10
1319	8
1326	8
1333	6
1336	6
1337	8
1340	8
1350	8
1355	4
1360	6
1367	7
1369	4
1372	8
1377	8
1381	10
1386	10
1391	8
1392	7
1394	6
1401	6
1406	8
1407	8
1408	4
1409	8
1413	8
1417	8
1419	2
1420	8
1421	8
1422	8
1423	6
1425	6
1429	10
1431	10
1433	10
1435	8
1440	10
1444	6
1448	10
1458	8
1466	8
1467	4
1473	8
1478	6
1479	8
1481	6
1485	5
1495	8
1499	6
1506	6
1518	8
1525	10
1528	10
1530	8
1532	6
1534	8
1545	8
1549	6
1551	6
1557	8
1561	8
1562	7
1577	6
1578	6
1579	10
1585	6
1590	6
1595	10
1598	8
1599	6
1602	6
1603	8
1604	8
1605	8
1607	10
1614	6
1615	8
1618	8
1621	8
1623	10
1624	8
1626	8
1632	9
1639	9
1642	8
1643	10
1646	8
1655	8
1659	6
1663	7
1665	10
1678	6
1679	8
1688	10
1689	6
1693	6
1694	8
1705	8
1707	6
1709	8
1712	8
1716	10
1721	4
1724	8
1741	6
1752	8
1759	8
1760	4
1765	8
1767	8
1771	5
1779	8
1795	10
1800	6
1805	7
1808	8
1811	10
1813	10
1814	8
1819	6
1821	10
1825	4
1828	9
1829	8
1846	8
1852	8
1854	8
1855	10
1858	8
1860	7
1861	6
1862	10
1864	8
1867	6
1868	6
1870	6
1874	6
1875	6
1878	10
1879	8
1880	10
1883	8
1887	8
1890	8
1891	8
1895	10
1905	8
1906	8
1907	7
1915	7
1916	4
1917	8
1918	7
1921	10
1936	6
1951	8
1954	8
1962	8
1965	8
1966	10
1973	8
1977	6
1979	8
1981	6
1983	6
1988	6
1992	10
1994	6
1995	10
1997	8
1998	8
1999	8
2002	8
2003	10
2008	10
2012	7
2017	8
2026	6
2034	7
2036	10
2039	8
2045	10
2053	6
2059	6
2064	8
2068	10
2081	10
2085	8
2090	4
2093	8
2096	6
2099	8
2109	6
2110	8
2123	6
2125	6
2130	6
2134	8
2140	6
2150	8
2152	6
2154	9
2160	10
2163	10
2165	8
2177	6
2183	10
2188	6
2194	6
2195	8
2201	10
2204	8
2208	8
2213	6
2214	8
2215	8
2217	10
2218	6
2227	8
2233	8
2237	10
2238	8
2240	8
2248	6
2251	6
2252	10
2254	8
2260	8
2261	6
2267	8
2268	8
2272	10
2275	10
2279	10
2280	4
2281	5
2285	8
2291	8
2293	6
2294	6
2298	8
2300	10
2303	6
2304	4
2306	8
2312	6
2317	8
2322	8
2324	6
2327	8
2329	8
2332	6
2333	8
2337	6
2353	8
2361	7
2363	6
2364	8
2372	6
2377	6
2379	10
2383	10
2385	8
2388	8
2390	6
2393	10
2396	8
2399	6
2402	10
2403	10
2404	8
2423	8
2424	4
2425	8
2428	6
2429	4
2431	8
2434	8
2435	7
2439	9
2448	6
2450	6
2452	10
2455	8
2457	8
2459	10
2465	8
2467	8
2468	8
2470	4
2471	6
2472	6
2474	8
2485	8
2487	7
2490	10
2494	8
2498	10
2500	8
2501	6
2502	8
2505	8
2507	4
2508	10
2517	4
2519	8
2536	8
2540	8
2542	8
2548	6
2550	6
2555	6
2556	5
2566	6
2572	8
2573	4
2574	6
2575	8
2581	10
2582	8
2583	6
2586	4
2590	10
2594	10
2602	6
2604	5
2608	10
2613	6
2614	10
2623	8
2630	10
2632	6
2635	10
2636	8
2637	10
2641	10
2649	8
2652	8
2657	8
2661	6
2662	5
2668	8
2669	8
2675	8
2676	8
2682	8
2683	6
2686	5
2689	8
2692	8
2698	8
2702	8
2703	4
2706	7
2708	10
2709	8
2714	8
2719	8
2723	6
2724	7
2727	10
2728	10
2735	9
2736	7
2738	8
2744	6
2745	8
2747	8
2755	10
2756	6
2758	6
2759	8
2765	6
2773	10
2774	10
2780	8
2784	6
2787	10
2791	8
2796	10
2799	8
2801	10
2804	10
2808	6
2810	6
2812	6
2813	8
2817	6
2819	8
2820	6
2821	10
2823	8
2825	10
2826	8
2829	2
2832	10
2837	10
2849	10
2852	8
2855	8
2858	6
2863	6
2864	10
2870	6
2872	8
2875	10
2879	8
2881	10
2882	8
2883	8
2886	6
2889	10
2891	8
2892	9
2895	8
2902	8
2903	2
2915	9
2920	7
2925	8
2927	4
2930	6
2931	8
2932	6
2936	5
2938	6
2939	8
2948	10
2950	6
2952	6
2954	6
2955	10
2960	6
2964	6
2965	10
2966	10
2968	8
2974	8
2976	8
2977	8
2980	8
2983	10
2986	10
2995	10
2998	10
2999	8
3000	8
3001	8
3004	6
3009	10
3012	10
3014	6
3015	8
3016	10
3020	6
3022	10
3026	8
3027	8
3030	8
3032	8
3033	10
3034	9
3035	10
3040	8
3043	4
3050	8
3057	8
3061	4
3062	6
3066	10
3067	4
3068	9
3070	8
3080	6
3081	6
3083	8
3086	3
3087	8
3089	5
3095	6
3099	8
3101	10
3103	8
3105	8
3114	8
3116	6
3129	8
3131	8
3132	4
3133	6
3139	8
3147	2
3149	4
3157	6
3163	4
3164	7
3167	6
3171	6
3172	8
3174	6
3176	7
3181	6
3182	5
3189	10
3198	10
3199	6
3210	8
3219	6
3220	8
3225	6
3229	9
3233	4
3238	6
3241	6
3253	10
3254	6
3258	1
3263	10
3264	8
3268	10
3270	9
3273	10
3274	8
3277	6
3280	4
3284	6
3285	8
3298	5
3299	8
3300	10
3301	6
3309	6
3313	8
3314	10
3316	8
3317	8
3321	8
3325	7
3326	10
3333	8
3334	2
3335	10
3336	7
3337	10
3338	6
3342	6
3346	6
3350	6
3355	10
3366	6
3370	8
3384	8
3392	7
3400	8
3409	10
3418	4
3424	8
3428	6
3429	9
3430	6
3432	6
3434	8
3437	8
3440	6
3443	6
3444	8
3446	8
3448	5
3449	8
3452	8
3453	10
3460	6
3461	10
3462	8
3463	6
3473	8
3475	10
3476	6
3484	8
3485	7
3487	4
3488	4
3492	8
3494	7
3512	5
3517	9
3522	10
3523	10
3525	7
3537	10
3538	9
3543	8
3544	7
3548	6
3556	8
3561	6
3570	10
3575	8
3579	8
3587	6
3594	8
3595	7
3599	8
3600	5
3603	6
3604	6
3607	6
3619	6
3621	10
3625	8
3633	8
3634	8
3635	8
3637	10
3639	10
3641	10
3642	7
3646	6
3648	10
3649	4
3651	8
3657	8
3660	8
3664	9
3669	4
3678	10
3679	6
3681	8
3682	6
3685	6
3687	8
3691	8
3696	6
3698	8
3700	9
3702	10
3705	6
3711	8
3712	6
3719	8
3720	8
3721	6
3727	8
3729	10
3732	6
3733	8
3737	8
3739	10
3740	10
3758	4
3761	5
3762	8
3767	4
3769	9
3771	10
3773	10
3779	10
3782	8
3784	6
