7	8
8	9
14	4
18	8
34	6
35	7
36	10
40	8
43	4
47	4
56	5
65	4
73	10
78	8
82	7
88	10
112	4
122	10
124	6
125	9
126	8
139	8
143	8
144	7
149	7
154	9
155	9
170	6
196	6
197	8
198	8
201	4
203	8
212	6
214	8
215	9
221	10
249	7
253	6
259	8
267	4
272	7
275	8
279	8
285	8
289	2
302	8
318	5
323	6
334	8
345	8
346	10
348	10
349	6
353	4
366	10
368	10
376	7
383	2
389	2
390	8
396	10
412	2
414	8
419	8
424	4
426	6
440	7
445	7
452	7
459	7
465	4
481	9
482	6
485	4
491	8
493	5
499	10
500	6
501	8
509	10
513	8
516	8
524	7
533	7
541	8
543	6
550	4
555	9
558	10
560	9
561	8
565	8
571	8
572	6
585	10
590	4
600	8
603	2
604	8
617	8
621	5
633	6
634	8
636	4
650	8
672	8
683	7
695	8
704	10
716	8
739	6
742	6
745	6
765	4
779	5
780	6
784	7
797	8
798	6
805	10
809	8
820	8
823	10
826	5
833	8
859	7
867	10
874	6
885	6
887	10
891	5
902	8
905	6
906	7
909	7
910	6
922	7
925	6
928	8
933	4
953	10
967	7
971	6
972	6
977	6
983	3
988	2
989	8
993	10
1018	6
1033	8
1035	9
1041	7
1045	7
1048	8
1053	8
1063	8
1075	2
1077	2
1117	6
1129	2
1132	6
1139	6
1143	6
1150	6
1160	9
1174	8
1176	10
1177	8
1178	10
1198	6
1220	10
1222	8
1224	5
1235	10
1245	4
1256	5
1265	6
1266	9
1270	8
1278	6
1288	8
1294	4
1297	8
1301	6
1302	4
1304	6
1306	4
1317	9
1320	8
1327	8
1331	8
1333	6
1336	6
1337	7
1347	8
1352	10
1355	5
1360	8
1377	8
1378	9
1387	8
1388	10
1392	5
1397	7
1407	7
1419	1
1422	6
1426	6
1431	10
1435	7
1439	7
1446	6
1466	9
1470	8
1474	9
1485	4
1496	7
1498	6
1502	8
1522	6
1523	8
1527	8
1529	8
1531	9
1532	6
1536	8
1537	8
1547	8
1552	6
1557	10
1567	10
1579	10
1590	4
1604	10
1605	10
1630	10
1632	7
1640	8
1649	10
1656	10
1657	9
1663	7
1667	8
1668	8
1689	10
1709	4
1710	6
1731	4
1732	10
1736	6
1741	8
1743	2
1751	6
1755	6
1762	6
1771	8
1786	8
1787	6
1794	9
1797	8
1817	7
1840	6
1847	10
1848	10
1854	9
1858	9
1860	4
1861	6
1866	9
1870	5
1876	7
1880	8
1887	4
1888	8
1898	8
1906	8
1918	8
1926	7
1930	8
1937	8
1953	8
1959	8
1960	6
1965	7
1966	5
1977	8
1981	8
1988	7
1991	8
1999	6
2005	10
2006	6
2012	7
2034	7
2037	4
2050	8
2053	6
2056	8
2057	10
2059	6
2064	6
2070	8
2081	4
2096	10
2103	7
2122	4
2129	10
2130	8
2134	8
2150	10
2152	8
2154	6
2156	10
2168	6
2179	8
2180	8
2182	9
2192	6
2194	8
2197	6
2204	4
2213	8
2218	8
2233	2
2237	8
2243	8
2254	10
2270	5
2275	8
2281	6
2298	8
2301	8
2304	10
2307	10
2315	9
2325	5
2326	8
2339	10
2342	8
2356	9
2398	7
2402	7
2420	4
2425	6
2428	9
2429	8
2433	8
2435	7
2444	6
2454	8
2463	8
2466	10
2467	6
2470	1
2486	10
2491	7
2492	8
2500	5
2505	8
2507	7
2513	8
2517	6
2522	4
2523	10
2536	8
2540	10
2542	6
2566	8
2570	8
2573	2
2574	6
2589	6
2590	6
2596	6
2601	10
2602	8
2610	8
2612	8
2619	6
2626	1
2631	4
2634	2
2637	6
2641	6
2642	7
2650	4
2653	9
2662	6
2679	5
2684	4
2686	8
2692	7
2695	6
2696	10
2698	5
2699	8
2706	5
2709	8
2711	4
2714	4
2716	1
2729	8
2731	8
2746	6
2756	10
2757	6
2765	6
2777	7
2780	6
2784	6
2796	7
2798	6
2809	8
2812	5
2813	6
2816	10
2821	8
2824	5
2828	10
2829	8
2834	8
2852	5
2853	8
2858	8
2863	8
2871	6
2879	8
2891	6
2892	10
2895	8
2900	9
2906	6
2920	8
2936	9
2943	10
2989	6
2991	8
3001	8
3014	8
3020	8
3022	6
3026	10
3030	6
3031	10
3034	7
3043	8
3050	10
3057	6
3061	8
3067	8
3068	9
3073	9
3088	4
3089	6
3099	8
3102	2
3103	6
3104	1
3109	10
3110	1
3119	8
3142	2
3147	6
3149	5
3154	8
3159	6
3163	6
3165	4
3171	8
3174	6
3180	8
3181	6
3183	5
3185	6
3189	4
3197	8
3208	3
3219	6
3220	9
3222	8
3244	6
3245	8
3259	5
3264	6
3265	8
3270	8
3274	8
3277	7
3283	6
3285	8
3290	7
3298	1
3306	8
3309	8
3313	9
3325	7
3336	8
3337	8
3365	6
3366	6
3368	7
3375	2
3383	9
3392	6
3393	10
3395	2
3411	8
3412	4
3420	10
3426	10
3427	10
3434	8
3435	8
3439	10
3445	8
3468	8
3472	10
3475	10
3477	5
3482	6
3483	8
3484	7
3485	1
3488	6
3496	6
3502	8
3503	8
3511	5
3519	10
3524	8
3525	6
3526	10
3527	8
3530	9
3573	7
3574	1
3579	8
3589	9
3592	4
3594	5
3595	10
3599	9
3616	5
3634	6
3635	7
3638	8
3644	8
3646	8
3647	7
3673	8
3691	10
3699	4
3705	8
3715	4
3721	8
3722	4
3727	6
3729	10
3736	4
3761	6
3781	7
3783	8
3784	7
3793	6
3795	6
3796	8
3799	6
3804	10
3805	8
3810	5
3817	7
3828	8
3830	10
3840	2
3847	10
3849	8
3853	4
3886	6
3901	10
3907	8
3908	8
3917	6
3920	10
3922	5
3956	8
3961	4
3977	10
3985	8
3986	8
3991	6
3994	5
4001	1
4007	10
4012	6
4013	8
4017	6
4020	10
4021	7
4022	7
4033	10
4034	7
4040	8
4043	2
4050	5
4051	2
4053	10
4063	6
4065	4
4078	6
4090	4
4092	6
4098	6
4099	7
4104	8
4114	8
4115	10
4117	4
4119	4
4121	6
4129	7
4134	6
4136	9
4149	10
4156	8
4169	8
4170	6
4171	8
4177	6
4182	8
4184	4
4191	4
4194	10
4195	1
4218	7
4220	6
4223	8
4226	10
4230	8
4234	5
4235	4
4243	8
4249	8
4257	8
4263	8
4272	6
4289	4
4302	7
4312	8
4317	9
4322	6
4333	8
4350	4
4353	4
4358	8
4359	10
4361	8
4363	8
4364	6
4368	4
4371	10
4372	2
4373	10
4375	8
4377	6
4378	1
4385	10
4395	10
4396	8
4401	9
4403	10
4426	7
4432	5
4436	8
4437	5
4449	6
4459	8
4463	7
4466	10
4469	6
4473	7
4475	10
4501	10
4503	10
4513	4
4514	6
4515	7
4517	6
4518	6
4523	10
4525	8
4532	6
4534	9
4549	7
4554	6
4564	8
4565	6
4568	6
4578	10
4586	6
4594	9
4596	8
4598	4
4600	5
4605	4
4606	9
4610	8
4612	10
4615	4
4616	10
4623	8
4636	8
4650	7
4657	9
4664	6
4665	8
4675	10
4681	10
4685	6
4688	2
4715	6
4719	6
4724	6
4726	2
4741	8
4743	7
4754	7
4783	6
4784	3
4795	8
4812	1
4813	8
4814	2
4815	6
4817	6
4826	6
4827	8
4836	10
4850	8
4855	10
4856	6
4867	6
4868	7
4869	7
4873	8
4880	8
4881	8
4882	8
4890	8
4908	7
4910	10
4911	6
4912	2
4917	5
4920	9
4924	6
4939	6
4948	10
4951	8
4954	5
4956	8
4964	10
4988	6
5007	10
5012	8
5014	10
5018	2
5027	8
5039	8
5044	6
5045	6
5050	8
5052	6
5061	7
5066	6
5085	4
5089	8
5099	6
5100	9
5102	4
5103	10
5110	8
5112	6
5118	10
5123	8
5129	10
5134	10
5143	10
5168	8
5174	5
5182	8
5187	7
5191	10
5192	6
5199	8
5202	6
5220	8
5221	8
5226	8
5227	8
5232	7
5235	5
5238	6
5241	6
5244	10
5247	5
5256	1
5260	10
5262	7
5265	8
5266	8
5279	2
5285	6
5290	4
5296	10
5329	2
5352	8
5354	4
5355	6
5367	9
5395	4
5400	1
5415	7
5422	9
5425	10
5439	8
5446	10
5457	8
5461	5
5469	5
5474	8
5480	6
5486	3
5489	4
5495	6
5503	6
5508	6
5510	9
5511	7
5515	8
5516	7
5519	10
5524	4
5525	10
5546	9
5551	7
5552	6
5575	8
5579	10
5584	10
5586	8
5602	8
5618	5
5631	8
5641	8
5650	2
5661	6
5667	6
5670	7
5678	8
5681	7
5687	9
5689	6
5691	10
5694	10
5703	8
5705	8
5711	10
5712	3
5714	6
5716	2
5720	4
5721	10
5722	8
5730	6
5741	6
5744	8
5745	10
5747	4
5753	6
5760	7
5779	8
5780	2
5781	3
5794	2
5798	8
5807	2
5829	8
5830	7
5836	7
5840	7
5841	7
5849	7
5857	4
5862	5
5865	6
5875	10
5883	4
5886	10
5888	8
5890	6
5892	7
5903	4
5913	6
5931	8
5932	8
5933	10
5935	8
5939	10
5940	7
5947	8
5952	2
5954	6
5955	7
5963	7
5974	6
5978	6
5981	6
6014	2
6018	9
6027	8
6043	6
6047	8
6051	6
6055	2
6066	8
6070	10
6076	8
6095	9
6104	5
6108	10
6111	6
6115	4
6135	4
6144	8
6150	7
6154	7
6159	5
6163	8
6166	6
6172	7
6180	8
6188	6
6203	8
6207	4
6209	8
6214	10
6223	6
6224	5
6226	6
6227	8
6232	6
6245	8
6253	6
6259	7
6261	6
6264	8
6272	2
6273	8
6276	6
6277	7
6285	6
6317	7
6320	8
6327	10
6331	8
6336	8
6339	4
6343	6
6344	8
6351	10
6352	4
6363	8
6366	7
6370	8
6376	4
6382	10
6385	4
6387	4
6389	7
6390	10
6391	8
6393	8
6400	4
6408	10
6410	4
6423	10
6426	10
6431	6
6434	4
6442	4
6443	7
6447	8
6453	6
6457	7
6461	6
6463	8
6464	10
6465	6
