8	9
18	8
35	8
36	8
38	8
51	8
70	6
82	8
88	10
92	8
125	6
126	6
137	6
143	10
144	6
160	8
170	8
171	10
179	8
182	6
192	8
195	6
198	8
212	6
213	8
214	8
215	8
216	8
235	9
249	10
259	9
262	7
263	8
267	5
289	4
296	7
318	9
320	7
325	5
331	8
335	4
348	8
354	10
359	6
368	7
380	7
390	7
402	8
403	8
407	9
414	7
419	6
426	7
427	7
431	10
434	10
450	8
452	10
459	8
469	8
476	6
480	8
481	8
482	8
491	5
493	7
509	9
516	6
524	8
532	6
533	8
543	6
554	8
555	8
558	8
561	8
571	7
572	7
591	8
621	8
622	10
627	10
636	6
658	7
660	9
688	4
698	9
704	10
714	5
723	8
742	8
745	6
754	8
761	8
784	6
788	8
798	8
801	8
820	7
826	8
833	7
834	9
841	8
857	10
865	9
867	7
869	5
874	9
893	8
902	9
906	7
915	8
922	8
925	6
928	6
935	10
936	6
949	2
964	8
966	8
983	9
993	8
998	7
1013	5
1026	8
1027	10
1041	8
1045	9
1047	8
1060	8
1068	10
1072	8
1075	6
1085	8
1090	8
1106	6
1118	7
1131	6
1132	8
1139	7
1151	10
1154	6
1160	10
1169	8
1174	8
1186	9
1187	7
1198	5
1202	6
1206	8
1220	9
1224	10
1235	2
1236	8
1252	8
1256	8
1270	9
1278	7
1281	8
1288	8
1294	7
1297	8
1302	8
1326	8
1327	8
1348	8
1355	6
1367	7
1374	8
1377	6
1388	6
1391	8
1407	6
1408	8
1410	6
1419	5
1424	8
1433	10
1435	6
1439	7
1440	7
1445	2
1454	8
1461	7
1466	9
1478	8
1479	7
1484	10
1485	8
1490	9
1496	9
1499	8
1500	9
1510	9
1527	7
1531	9
1532	7
1536	8
1541	6
1545	8
1567	6
1620	9
1621	10
1632	7
1633	6
1645	8
1646	9
1650	8
1652	8
1663	8
1667	8
1668	6
1718	8
1724	8
1728	8
1738	8
1749	8
1751	7
1755	8
1756	9
1771	8
1786	8
1787	6
1796	10
1797	6
1798	8
1805	8
1817	8
1818	10
1823	2
1841	7
1849	8
1852	10
1854	8
1858	8
1860	4
1861	3
1866	9
1871	8
1885	8
1888	10
1891	8
1892	6
1904	6
1910	5
1915	8
1918	8
1932	7
1936	7
1937	7
1945	8
1955	7
1960	8
1965	10
1966	10
1973	8
1981	7
1988	6
2012	7
2017	8
2018	8
2032	8
2034	7
2039	8
2044	6
2053	6
2059	7
2060	6
2064	9
2083	8
2084	10
2091	1
2102	8
2103	8
2108	7
2122	6
2130	7
2134	8
2147	7
2154	8
2168	7
2178	8
2204	6
2215	6
2218	6
2229	8
2237	8
2258	6
2281	7
2282	4
2291	7
2319	10
2324	8
2325	7
2331	7
2350	8
2356	8
2360	7
2361	10
2368	7
2369	9
2377	6
2385	10
2398	10
2401	10
2402	7
2414	8
2425	6
2428	8
2429	7
2433	8
2434	9
2435	8
2440	10
2448	7
2471	8
2477	8
2491	8
2492	5
2500	9
2505	9
2507	5
2515	10
2517	8
2527	8
2536	8
2544	8
2545	6
2556	8
2570	6
2571	9
2573	6
2574	8
2588	6
2590	10
2592	8
2619	9
2632	8
2634	9
2653	8
2654	8
2662	5
2686	7
2692	8
2698	7
2706	8
2710	10
2714	7
2716	10
2720	6
2723	7
2727	9
2735	9
2736	10
2747	10
2756	9
2770	8
2776	8
2783	9
2784	7
2785	6
2800	8
2802	7
2810	6
2812	6
2813	9
2829	8
2852	8
2853	7
2862	6
2863	9
2878	8
2879	8
2891	4
2892	6
2895	5
2910	9
2920	7
2925	8
2930	6
2936	7
2940	8
2950	8
2964	8
2969	8
2991	8
3004	6
3006	8
3010	9
3015	8
3016	7
3022	6
3027	8
3034	9
3039	7
3050	8
3055	6
3057	8
3063	6
3067	6
3089	10
3091	8
3102	6
3103	8
3104	6
3106	7
3110	7
3114	9
3119	6
3126	9
3137	10
3138	10
3147	2
3149	5
3154	9
3159	8
3170	10
3171	8
3174	8
3180	7
3182	6
3187	8
3190	7
3197	8
3204	4
3207	10
3220	8
3221	8
3222	8
3229	7
3234	1
3244	8
3247	10
3259	6
3265	6
3267	9
3270	8
3274	8
3277	8
3298	6
3299	9
3301	8
3304	4
3313	8
3325	7
3330	4
3335	8
3336	8
3343	8
3350	6
3368	6
3369	8
3377	8
3384	6
3417	7
3434	7
3435	10
3448	8
3450	9
3476	8
3477	8
3482	8
3484	9
3485	6
3492	8
3493	6
3517	9
3538	10
3539	6
3540	6
3541	7
3549	6
3553	10
3565	8
3575	9
3579	8
3581	9
3589	2
3594	7
3595	8
3598	10
3599	9
3611	10
3620	8
3635	8
3639	10
3642	9
3646	8
3664	8
3705	8
3706	5
3707	5
3717	7
3729	10
3736	8
3761	5
3771	10
3783	8
3784	8
3791	8
3793	4
3795	8
3806	8
3810	6
3817	7
3822	7
3830	8
3837	8
3842	8
3849	8
3860	8
3865	10
3867	5
3874	9
3877	10
3881	7
3887	8
3908	6
3917	7
3918	7
3934	7
3937	8
3965	8
3970	8
3975	8
3976	6
3987	5
3991	7
4002	7
4005	8
4020	6
4021	9
4022	8
4025	7
4030	8
4034	7
4063	7
4078	6
4092	7
4094	6
4096	10
4099	7
4104	9
4105	8
4106	7
4114	9
4115	8
4119	10
4129	8
4136	9
4153	8
4156	10
4157	9
4171	8
4176	7
4177	7
4182	8
4183	6
4194	10
4201	6
4209	8
4213	6
4229	6
4233	8
4243	9
4244	8
4264	8
4268	9
4272	9
4274	8
4301	8
4317	6
4333	9
4335	8
4342	7
4346	6
4353	9
4364	8
4365	8
4368	8
4375	4
4381	7
4400	8
4401	10
4403	8
4415	7
4419	6
4436	4
4437	7
4449	10
4459	10
4462	8
4463	9
4473	8
4474	8
4482	8
4488	8
4493	9
4499	8
4503	10
4510	6
4513	6
4514	8
4520	9
4526	7
4544	9
4549	8
4560	6
4561	10
4572	3
4574	8
4584	5
4606	7
4615	8
4616	7
4623	8
4635	6
4641	8
4642	9
4649	8
4650	6
4665	9
4673	10
4685	7
4697	8
4711	10
4712	4
4719	8
4728	8
4729	6
4739	8
4743	8
4753	9
4754	5
4773	8
4774	9
4783	6
4787	7
4800	6
4804	9
4818	8
4822	7
4826	8
4827	8
4833	10
4834	9
4841	9
4842	9
4848	9
4864	8
4868	8
4884	7
4890	7
4895	8
4918	10
4920	7
4928	8
4942	8
4944	5
4951	9
4954	4
4955	8
4956	10
4958	10
4959	6
4962	6
4964	10
4978	6
5004	6
5012	6
5017	6
5018	6
5032	9
5039	5
5053	8
5061	8
5062	7
5069	9
5085	7
5091	10
5096	10
5100	6
5104	6
5105	6
5110	9
5118	6
5119	9
5129	8
5131	8
5134	8
5142	8
5164	8
5168	6
5174	5
5177	9
5182	8
5189	8
5192	8
5193	9
5196	8
5197	6
5202	8
5219	8
5226	8
5227	8
5231	8
5232	10
5236	9
5238	7
5241	5
5246	8
5262	5
5266	6
5271	8
5276	8
5280	8
5285	8
5302	6
5307	9
5314	8
5321	10
5327	8
5328	4
5329	3
5339	9
5346	8
5353	8
5367	7
5392	6
5396	8
5397	9
5400	7
5414	8
5415	1
5418	6
5425	8
5430	9
5446	6
5459	9
5461	8
5467	7
5469	6
5474	8
5475	7
5478	10
5480	8
5485	6
5495	8
5503	8
5507	6
5508	7
5510	7
5523	6
5525	8
5539	7
5540	6
5546	9
5557	8
5583	8
5586	8
5592	8
5600	7
5607	8
5625	8
5641	8
5665	8
5667	7
5669	8
5670	7
5671	8
5678	8
5681	7
5687	10
5703	8
5705	6
5706	6
5711	4
5714	6
5716	10
5719	9
5722	7
5738	9
5760	7
5767	6
5774	7
5776	8
5779	8
5781	4
5787	10
5791	8
5798	7
5807	6
5829	4
5830	9
5831	7
5834	6
5835	9
5836	8
5840	7
5841	6
5843	6
5846	5
5849	6
5851	6
5857	6
5858	5
5866	2
5875	8
5876	5
5886	9
5888	6
5890	9
5892	8
5902	6
5908	8
5913	9
5917	6
5921	7
5924	6
5925	6
5932	5
5933	8
5935	8
5939	8
5940	6
5947	8
5954	7
5955	10
5958	8
5965	7
5977	8
5978	5
5983	4
5994	8
6011	6
6014	8
6018	4
6037	10
6039	8
6043	8
6045	9
6047	8
6063	4
6070	10
6075	6
6082	6
6096	8
6113	10
6119	8
6128	4
6135	6
6142	7
6150	10
6161	6
6163	6
6166	6
6172	8
6173	7
6209	8
6227	8
6232	10
6240	5
6245	8
6250	8
6253	8
6258	8
6261	10
6264	5
6272	6
6276	8
6285	8
6289	8
6317	7
6323	9
6328	10
6340	9
6343	10
6344	8
6352	6
6357	8
6362	6
6363	8
6366	6
6375	9
6385	8
6393	9
6420	8
6426	9
6431	10
6442	6
6443	6
6448	10
6454	8
6457	8
6459	10
6461	5
6477	7
6481	8
6491	9
6494	6
6498	8
6503	10
6508	7
6527	7
6528	5
6541	5
6550	6
6571	8
6581	8
6582	8
6584	8
6590	8
6599	8
6600	7
6601	9
6605	8
6610	7
6615	7
6616	9
6629	8
6630	7
6637	8
6640	5
6644	3
6645	9
6646	8
6661	4
6674	7
6678	7
6680	5
6685	7
6708	9
6716	8
6717	8
6725	9
6727	8
6731	10
6734	7
6742	7
6757	6
6758	8
6763	7
6764	8
6770	7
6776	4
6801	8
6814	9
6817	8
6829	10
6835	7
6836	6
6841	8
6846	3
6858	10
6862	10
6869	4
6888	7
6889	8
6890	8
6905	9
6915	8
6920	7
6932	9
6941	7
6946	9
6948	8
6949	8
6971	8
6982	4
6986	8
6990	4
6992	8
6998	10
7003	7
7011	5
7012	6
7018	8
7036	6
7048	6
7054	7
7057	6
7061	5
7066	8
7067	9
7069	6
7072	9
7075	8
7078	7
7084	8
7088	8
7092	7
7105	6
7109	7
7121	9
7127	7
7141	7
7142	7
7145	10
7156	8
7179	10
