10	4
11	6
13	8
18	10
22	10
23	8
34	2
36	10
37	10
38	9
40	10
44	10
47	10
50	6
51	10
54	8
56	10
58	8
59	6
60	6
61	2
62	6
66	10
67	10
68	10
69	6
71	10
73	8
75	10
76	4
77	8
78	9
79	10
80	8
81	10
82	6
85	10
89	10
94	8
95	10
96	8
99	10
100	8
101	10
102	10
103	6
111	10
112	8
115	10
116	2
118	10
119	8
121	10
122	10
125	10
126	7
130	9
131	10
132	4
135	8
136	10
137	8
138	10
139	8
142	8
143	8
144	10
145	10
148	10
149	9
151	8
153	10
154	10
155	10
158	10
161	7
162	10
163	10
164	10
170	9
171	8
173	8
174	10
175	10
179	8
182	8
184	10
187	4
188	4
189	6
190	1
192	8
193	8
195	2
196	8
198	10
199	6
201	10
203	10
207	6
208	10
210	10
212	8
213	6
214	4
215	10
217	6
218	10
221	10
226	10
230	8
232	10
235	10
236	8
237	2
247	6
249	7
251	8
254	9
258	8
259	9
260	8
262	5
263	10
264	10
267	5
268	6
272	10
275	8
276	10
277	9
279	10
281	8
289	8
292	10
293	6
294	10
296	9
300	8
301	10
302	8
303	10
305	8
310	8
314	10
315	4
318	8
320	10
321	8
323	7
326	10
330	9
332	6
333	2
338	9
339	8
340	10
341	10
345	10
348	10
349	10
350	10
351	10
353	8
355	10
358	10
359	7
361	8
363	9
364	10
365	10
368	8
369	10
371	10
376	9
377	8
381	10
382	6
383	8
386	8
390	9
391	10
392	10
394	10
397	8
403	9
404	6
406	8
407	9
413	10
414	9
415	10
418	8
419	10
420	10
425	10
426	9
432	8
436	10
437	10
438	10
440	9
441	6
444	2
446	8
447	8
450	6
453	8
454	10
456	10
459	10
460	10
461	8
463	8
465	10
468	8
469	9
470	10
472	4
476	9
477	8
479	10
480	8
481	10
482	7
483	6
485	10
487	7
490	4
493	8
494	10
496	8
499	10
500	10
503	10
504	8
505	6
506	10
509	10
510	6
511	6
512	6
513	8
516	10
517	10
522	8
524	8
525	6
529	9
530	6
531	6
532	10
533	10
535	4
536	8
539	2
543	6
544	10
545	10
548	8
549	6
550	8
552	10
553	10
554	7
555	10
556	10
558	8
560	10
561	10
562	4
564	6
565	6
567	2
569	10
572	9
574	10
576	10
577	6
578	10
579	10
581	6
582	10
583	7
585	10
587	7
588	8
589	8
590	10
593	10
595	8
601	10
603	9
604	10
605	10
608	10
609	10
616	10
617	6
621	8
622	10
623	8
627	10
628	8
633	10
635	10
636	8
638	8
639	10
641	6
642	10
643	8
645	8
646	6
649	8
654	6
655	10
657	10
658	9
659	7
660	4
661	10
662	8
665	9
666	8
668	9
669	6
671	6
672	8
675	10
676	6
677	10
678	10
679	6
680	6
688	9
689	8
691	8
693	8
695	6
698	10
702	10
707	8
710	10
711	10
712	8
714	9
715	10
716	6
719	8
720	10
727	10
728	10
730	10
731	10
734	8
735	10
740	10
741	10
742	8
743	6
744	10
745	10
746	10
752	10
755	8
757	10
763	6
764	6
765	10
769	10
773	2
775	10
780	10
784	8
785	10
789	6
790	10
792	2
795	10
797	4
798	7
799	8
801	8
802	10
803	2
806	2
807	10
814	6
815	8
816	2
817	2
820	9
822	8
823	10
826	10
828	6
830	8
833	10
835	10
837	7
838	7
840	8
846	8
848	10
851	10
852	10
854	10
855	10
859	9
861	7
862	6
863	10
865	10
866	10
867	6
870	6
871	10
874	7
875	6
878	6
881	10
882	10
885	10
886	6
887	10
889	6
890	10
891	8
892	10
895	6
896	10
897	6
899	10
902	10
904	8
906	10
907	10
910	10
916	9
925	8
928	8
930	6
933	6
936	9
938	8
942	10
948	10
949	8
950	8
953	10
956	10
957	4
960	10
964	9
965	8
966	10
967	7
968	6
970	4
971	10
972	10
975	10
976	8
977	10
980	9
984	6
986	10
987	4
988	8
989	10
990	10
996	6
1004	8
1005	8
1008	9
1011	8
1013	8
1014	6
1016	10
1018	9
1020	10
1027	10
1028	8
1029	8
1033	8
1035	10
1037	10
1039	10
1040	2
1041	9
1045	10
1046	6
1047	10
1048	10
1050	10
1057	10
1058	10
1059	10
1061	10
1063	10
1064	10
1066	2
1070	10
1074	8
1075	10
1076	8
1077	9
1078	10
1079	6
1082	10
1083	10
1084	10
1086	6
1088	10
1090	10
1100	10
1101	8
1102	8
1103	6
1104	4
1109	6
1113	10
1114	10
1116	10
1118	8
1119	10
1120	4
1121	8
1122	10
1123	10
1125	2
1126	10
1129	10
1130	10
1131	6
1132	10
1133	10
1134	8
1136	8
1137	8
1139	9
1140	8
1142	8
1143	10
1144	10
1145	10
1147	10
1148	6
1149	8
1152	10
1153	10
1154	8
1155	6
1156	10
1163	9
1164	9
1166	10
1168	8
1169	8
1174	7
1176	8
1178	10
1179	4
1180	8
1182	8
1183	6
1185	10
1186	10
1193	10
1194	6
1198	8
1199	10
1200	8
1202	10
1204	10
1206	9
1211	6
1215	8
1216	8
1218	10
1221	10
1224	8
1225	8
1226	6
1227	10
1228	4
1231	10
1232	4
1236	9
1237	6
1238	8
1239	8
1242	6
1243	6
1244	10
1250	10
1252	10
1256	8
1261	10
1263	10
1264	8
1265	8
1269	10
1270	10
1275	8
1277	10
1278	8
1280	8
1281	9
1284	10
1286	10
1287	8
1288	8
1289	8
1294	8
1297	10
1299	8
1300	8
1301	8
1302	10
1304	10
1305	10
1307	10
1308	8
1309	8
1310	8
1317	9
1319	8
1320	6
1324	10
1326	7
1329	7
1331	8
1333	10
1335	6
1336	10
1337	10
1339	8
1342	8
1343	6
1344	10
1347	10
1349	10
1350	8
1351	8
1352	8
1355	10
1357	10
1359	6
1360	10
1361	8
1363	10
1364	10
1365	10
1367	9
1368	10
1369	10
1372	10
1375	6
1377	8
1378	9
1380	10
1382	10
1384	10
1385	10
1388	10
1390	10
1391	10
1392	10
1398	7
1399	10
1404	8
1406	8
1407	8
1408	10
1409	10
1411	10
1412	10
1414	10
1415	10
1419	1
1420	8
1423	8
1425	10
1426	10
1428	10
1433	4
1435	5
1437	4
1438	10
1439	7
1440	10
1445	2
1446	8
1449	2
1450	10
1451	6
1452	10
1454	4
1455	10
1461	10
1462	10
1463	6
1466	9
1467	1
1468	6
1469	4
1471	8
1474	9
1475	10
1476	8
1478	8
1479	9
1482	8
1484	10
1485	9
1486	10
1488	10
1496	9
1499	8
1500	10
1505	10
1506	10
1507	10
1508	10
1512	10
1515	9
1517	6
1518	4
1521	7
1522	9
1523	10
1526	4
1527	10
1529	10
1530	2
1532	8
1534	10
1535	8
1536	8
1537	9
1538	6
1541	9
1542	10
1543	10
1545	10
1547	9
1549	8
1551	8
1552	10
1554	4
1555	8
1556	10
1557	10
1559	8
1560	10
1562	10
1567	10
1568	9
1569	9
1570	8
1571	6
1573	10
1574	8
1578	8
1579	8
1581	8
1582	6
1583	2
1584	8
1589	8
1590	9
1591	4
1594	6
1596	10
1598	8
1603	2
1604	10
1605	10
1607	10
1608	10
1612	8
1614	8
1617	10
1621	6
1624	8
1628	10
1629	8
1630	8
1632	10
1633	6
1634	8
1635	10
1636	10
1637	10
1638	10
1639	10
1640	5
1645	9
1646	10
1647	10
1648	8
1650	10
1652	10
1654	10
1656	10
1663	9
1664	10
1667	10
1669	10
1671	10
1673	10
1684	8
1692	4
1694	10
1697	9
1699	10
1700	4
1702	8
1703	8
1709	6
1713	10
1715	8
1718	10
1721	6
1724	8
1730	8
1734	10
1735	10
1737	10
1739	4
1741	7
1742	8
1745	6
1746	10
1747	8
1748	8
1751	9
1755	9
1756	9
1759	10
1760	2
1761	10
1762	10
1764	6
1766	10
1767	8
1771	9
1780	10
1783	8
1784	10
1786	9
1787	8
1792	1
1795	10
1798	7
1799	8
1803	10
1805	8
1807	8
1809	10
1810	10
1811	10
1812	8
1816	10
1817	10
1819	10
1820	6
1822	10
1825	6
1826	8
1829	6
1830	10
1832	10
1834	10
1835	10
1842	6
1843	4
1844	10
1846	2
1848	10
1849	10
1850	8
1854	10
1855	6
1858	10
1860	10
1861	6
1862	10
1865	8
1866	9
1869	8
1870	10
1871	9
1872	8
1873	8
1874	10
1876	10
1878	10
1880	8
1881	7
1882	8
1883	10
1884	10
1885	9
1886	8
1887	10
1890	10
1891	10
1895	10
1896	6
1897	10
1898	8
1904	8
1905	8
1906	8
1907	8
1911	10
1913	8
1915	8
1916	10
1918	8
1919	10
1921	10
1922	6
1925	8
1926	9
1930	8
1932	9
1933	10
1936	10
1937	9
1938	10
1940	6
1941	10
1942	8
1944	7
1945	10
1955	10
1956	10
1957	10
1958	10
1961	10
1963	8
1965	7
1966	10
1971	8
1973	10
1976	10
1978	10
1980	10
1981	9
1982	8
1987	10
1988	10
1989	10
1992	2
1993	10
1995	10
1997	8
1999	10
2001	10
2002	10
2004	6
2006	10
2007	4
2009	6
2010	10
2011	4
2013	9
2020	6
2022	6
2025	6
2031	10
2032	10
2034	8
2036	6
2041	10
2044	4
2045	8
2046	8
2050	8
2053	9
2054	8
2056	10
2057	10
2060	9
2061	8
2062	8
2065	10
2066	8
2069	8
2070	6
2072	6
2077	10
2078	10
2083	10
2090	4
2091	10
