1	10
4	2
8	6
18	5
22	6
34	4
36	10
38	2
47	8
50	6
54	2
59	6
62	6
67	8
76	6
77	2
79	6
80	6
89	8
94	4
95	4
100	7
101	6
102	2
116	2
118	2
119	6
122	8
125	10
126	6
132	6
139	8
141	2
143	10
154	7
155	8
163	2
164	10
170	2
171	9
173	4
176	6
182	4
187	4
190	2
193	2
197	9
198	8
199	4
208	6
212	2
221	6
223	8
226	10
228	8
232	4
236	6
241	9
247	6
249	9
254	5
259	5
264	6
267	2
268	6
273	10
275	6
276	4
281	6
292	6
293	6
294	6
295	10
315	2
318	2
321	6
332	4
339	4
343	6
345	4
346	8
348	10
349	4
354	4
355	6
359	3
364	8
366	10
369	2
381	6
382	6
384	2
390	8
392	6
403	10
406	6
407	5
410	10
414	6
416	6
418	6
426	4
431	9
432	6
436	6
441	4
446	8
452	9
454	2
456	8
459	3
460	8
463	6
465	7
468	2
481	6
482	5
485	8
494	8
503	5
504	6
505	6
513	6
516	9
517	2
525	2
530	8
531	6
543	6
545	9
547	2
549	6
552	4
553	10
554	5
555	4
556	2
558	6
561	6
562	6
565	4
567	6
571	6
572	2
591	10
593	2
601	4
604	6
605	6
609	8
617	2
621	7
622	8
623	4
633	6
634	4
636	5
638	4
641	2
645	6
646	4
654	6
655	10
657	6
658	7
660	8
661	8
669	6
677	6
683	8
688	3
689	8
693	6
701	10
714	8
715	8
716	2
719	10
720	8
723	8
730	6
731	6
734	6
735	4
742	6
743	2
752	8
755	8
758	2
767	8
769	4
772	8
775	2
780	6
786	8
788	8
789	2
795	6
798	6
799	6
806	6
814	10
823	4
826	8
827	6
833	8
838	9
842	8
846	8
852	4
859	5
862	6
863	10
870	6
878	6
881	6
887	8
889	4
891	4
895	4
896	6
899	6
902	8
907	8
922	7
928	8
930	6
936	7
938	4
956	4
958	10
964	8
970	10
972	4
987	6
988	8
990	6
996	6
1001	6
1002	10
1004	2
1008	6
1013	7
1018	3
1020	10
1028	6
1029	6
1031	8
1035	7
1038	8
1045	8
1046	6
1050	6
1057	8
1059	6
1066	2
1068	7
1070	2
1077	1
1079	6
1083	6
1086	6
1090	8
1103	8
1104	6
1113	6
1114	4
1119	4
1123	4
1131	3
1139	3
1143	10
1147	10
1148	6
1155	6
1156	2
1160	8
1165	6
1166	6
1169	7
1174	4
1179	6
1180	6
1183	6
1186	7
1193	6
1198	8
1204	4
1211	2
1216	6
1222	8
1226	10
1227	6
1228	2
1232	6
1238	6
1243	4
1257	6
1260	8
1261	6
1265	8
1269	8
1270	8
1275	4
1277	10
1279	6
1288	7
1290	6
1294	6
1302	5
1305	6
1326	4
1327	6
1329	8
1333	8
1335	4
1343	8
1349	8
1355	6
1357	6
1360	6
1361	8
1363	4
1367	6
1376	10
1377	10
1385	6
1389	6
1392	5
1397	8
1399	6
1406	10
1407	10
1409	6
1414	10
1415	2
1419	1
1420	8
1427	1
1435	10
1438	2
1440	8
1452	6
1462	10
1463	2
1466	7
1468	6
1471	6
1479	6
1486	6
1490	10
1499	8
1505	6
1510	5
1511	2
1527	6
1528	4
1533	6
1534	6
1535	2
1536	2
1537	6
1542	6
1543	6
1545	8
1552	6
1562	8
1576	6
1584	6
1585	8
1590	5
1598	6
1607	6
1614	8
1618	10
1625	5
1628	6
1630	10
1632	3
1633	7
1635	4
1647	10
1648	6
1651	7
1658	6
1663	7
1664	6
1667	7
1668	8
1677	8
1683	10
1689	2
1692	8
1694	8
1699	10
1706	6
1711	6
1715	6
1717	4
1721	2
1739	6
1741	6
1743	2
1750	3
1755	8
1756	7
1759	4
1764	10
1768	4
1771	6
1793	5
1795	6
1799	6
1805	5
1818	6
1819	6
1820	2
1828	9
1829	6
1835	10
1842	4
1843	10
1847	6
1848	4
1854	3
1860	4
1862	9
1865	8
1871	9
1873	8
1876	7
1877	8
1878	10
1880	4
1882	8
1887	8
1888	4
1890	6
1895	10
1897	8
1904	2
1905	6
1906	8
1907	4
1911	2
1915	8
1918	7
1921	10
1928	4
1932	6
1936	7
1937	9
1938	4
1942	8
1945	5
1962	4
1965	6
1966	3
1968	4
1977	8
1978	6
1979	4
1981	4
1982	6
1988	7
1989	6
1997	6
2001	6
2007	6
2009	4
2012	9
2018	8
2020	4
2025	2
2028	10
2031	4
2034	2
2035	2
2036	4
2045	6
2053	5
2057	8
2062	2
2064	3
2065	4
2079	8
2083	10
2084	10
2089	8
2104	6
2113	10
2116	8
2123	8
2134	6
2142	6
2144	6
2148	10
2150	6
2154	8
2161	4
2162	2
2168	6
2169	6
2173	2
2187	6
2194	6
2201	2
2204	4
2207	2
2216	8
2218	2
2221	6
2226	6
2230	6
2233	6
2236	8
2237	8
2247	6
2254	8
2257	8
2263	6
2276	10
2281	7
2282	3
2285	6
2292	4
2294	6
2298	10
2304	10
2308	10
2311	4
2315	8
2317	2
2320	8
2321	8
2324	3
2342	8
2362	6
2370	6
2371	6
2376	6
2378	2
2379	6
2387	8
2389	8
2393	8
2398	5
2399	2
2402	7
2407	6
2411	6
2425	4
2428	8
2429	8
2435	6
2439	6
2448	7
2455	5
2458	4
2464	6
2466	10
2468	8
2473	6
2480	7
2482	6
2491	8
2493	2
2497	2
2498	6
2500	4
2505	8
2511	6
2513	7
2517	4
2518	6
2523	6
2527	7
2529	6
2536	7
2538	6
2541	10
2542	9
2547	8
2549	2
2555	2
2558	8
2560	8
2565	2
2569	4
2571	4
2574	7
2590	10
2593	8
2596	4
2609	2
2610	10
2612	4
2614	6
2615	4
2629	8
2631	4
2635	8
2641	8
2653	8
2656	10
2657	8
2659	10
2660	6
2661	4
2662	9
2667	6
2671	10
2674	6
2675	6
2676	5
2680	5
2684	2
2686	5
2688	4
2692	3
2694	6
2695	6
2698	6
2706	7
2723	4
2725	4
2727	8
2733	6
2735	8
2737	4
2742	6
2750	10
2756	10
2764	10
2765	4
2770	7
2772	10
2780	8
2784	6
2787	4
2792	4
2796	7
2797	8
2800	8
2803	8
2804	6
2807	4
2812	5
2813	1
2817	6
2820	5
2823	1
2825	6
2826	8
2830	6
2843	10
2845	8
2852	3
2853	9
2856	6
2860	6
2868	8
2879	7
2883	8
2891	5
2892	10
2910	2
2916	2
2920	7
2921	6
2922	8
2923	2
2931	4
2936	9
2937	8
2941	2
2946	8
2950	6
2952	6
2955	4
2958	2
2964	7
2965	10
2971	6
2976	6
2991	9
3007	8
3009	6
3013	8
3016	6
3022	6
3024	6
3027	4
3030	6
3033	4
3034	8
3039	4
3040	10
3052	6
3057	10
3061	4
3069	6
3073	9
3075	6
3076	6
3079	2
3082	6
3086	5
3089	6
3092	6
3102	2
3103	9
3104	1
3114	6
3115	8
3117	7
3118	8
3138	7
3139	5
3140	6
3147	2
3148	9
3149	1
3150	8
3154	8
3159	2
3176	8
3177	6
3178	4
3180	5
3182	5
3184	10
3187	7
3188	6
3189	4
3191	7
3194	10
3197	4
3200	4
3206	10
3207	6
3210	8
3220	7
3229	9
3231	2
3240	5
3241	2
3248	6
3252	6
3259	5
3260	10
3261	6
3262	6
3263	6
3264	8
3268	8
3275	4
3277	7
3285	2
3286	2
3291	6
3296	6
3298	5
3299	7
3301	1
3304	8
3313	8
3315	4
3321	2
3325	8
3336	7
3344	6
3354	4
3366	8
3376	10
3385	4
3389	6
3392	10
3399	6
3405	6
3410	6
3411	6
3420	6
3428	1
3429	5
3430	8
3431	4
3434	7
3439	6
3442	6
3443	6
3444	4
3452	10
3463	8
3465	6
3473	6
3474	4
3477	2
3485	1
3486	4
3488	5
3496	6
3498	6
3499	4
3504	2
3506	6
3512	1
3516	6
3518	10
3524	10
3525	7
3526	10
3532	2
3536	8
3537	4
3539	2
3540	7
3541	6
3542	6
3544	3
3546	10
3550	6
3557	4
3566	2
3577	4
3578	2
3579	10
3580	8
3584	8
3585	6
3592	2
3593	10
3594	8
3595	8
3599	8
3600	9
3602	8
3605	4
3609	6
3615	4
3624	4
3631	2
3633	4
3646	7
3648	6
3655	6
3656	10
3659	6
3668	10
3675	2
3677	6
3679	6
3687	2
3694	4
3708	6
3712	6
3719	8
3721	2
3729	6
3738	6
3752	6
3756	2
3761	8
3763	2
3766	8
3767	4
3771	8
3772	4
3784	7
3792	2
3793	4
3796	4
3808	6
3810	5
3817	8
3823	4
3824	10
3826	4
3830	9
3833	8
3838	6
3840	2
3847	8
3849	4
3857	2
3867	7
3869	6
3870	4
3879	6
3882	6
3885	8
3891	6
3892	10
3894	6
3901	4
3904	6
3908	9
3909	10
3919	10
3931	6
3935	6
3937	1
3939	2
3941	8
3945	2
3949	6
3950	2
3951	2
3953	6
3954	10
3959	6
3965	4
3966	4
3977	7
3978	6
3979	4
3985	7
3990	6
3991	1
3993	6
3996	6
4007	8
4008	6
4010	6
4017	6
4018	6
4020	10
4022	8
4030	7
4031	6
4033	8
4034	8
4035	6
4037	8
4038	2
4048	8
4053	2
4054	6
4056	4
4057	6
4060	6
4061	6
4063	2
4069	8
4073	4
4076	4
4077	6
4078	3
4079	4
4080	9
4089	8
4091	6
4092	5
4098	6
4099	7
4106	3
4110	8
4114	6
4129	4
4130	2
4131	2
4135	3
4136	10
4138	6
4144	2
4148	4
4152	10
4153	6
4155	6
4156	7
4157	6
4159	8
4168	6
4169	10
4171	10
4172	6
4177	7
4178	6
4179	6
4182	6
4183	8
4185	6
4187	4
4197	2
4202	6
4205	4
4211	4
4222	2
4225	6
4227	6
4228	6
4229	6
4230	10
4233	7
4235	4
4239	10
4242	10
4245	6
4246	10
4253	10
