4	10
18	4
22	6
30	6
34	8
36	6
43	10
54	4
65	8
67	6
77	6
83	6
88	7
91	4
101	6
116	10
139	4
143	2
149	4
173	8
182	4
183	10
193	6
196	8
207	6
208	10
210	6
215	8
219	6
232	2
247	8
250	6
253	6
259	4
281	6
293	6
310	8
311	6
315	6
318	7
332	6
334	6
345	4
346	8
349	6
351	2
359	1
366	8
368	6
381	10
391	6
410	10
418	6
428	10
432	6
434	2
436	6
438	4
452	7
456	8
471	6
472	8
482	5
513	6
517	6
530	10
531	6
533	8
541	6
547	6
552	4
556	2
562	8
567	6
578	4
591	8
600	4
601	8
604	2
609	6
629	4
633	4
645	6
657	4
672	2
683	5
686	8
703	6
719	8
720	6
727	6
729	8
734	6
739	6
742	6
743	6
745	8
746	4
755	6
773	8
775	6
786	6
806	6
810	6
823	4
828	10
862	8
867	8
870	6
874	7
881	6
882	10
887	8
889	6
892	6
915	10
922	8
930	8
938	8
956	2
970	4
971	6
975	4
987	6
996	6
1001	6
1005	6
1020	8
1026	9
1037	6
1038	10
1054	8
1057	6
1061	10
1066	2
1070	6
1072	7
1086	6
1094	6
1114	6
1139	5
1143	8
1147	4
1149	6
1160	7
1174	5
1177	8
1178	6
1186	3
1191	6
1193	8
1204	6
1216	6
1226	2
1228	8
1230	7
1232	10
1249	8
1268	10
1275	6
1278	4
1283	6
1287	4
1288	5
1310	2
1320	8
1327	6
1331	6
1334	2
1335	8
1363	6
1389	6
1395	3
1399	6
1408	1
1409	8
1414	6
1419	1
1422	6
1433	10
1437	8
1452	4
1468	6
1487	6
1498	10
1501	10
1510	8
1517	6
1528	4
1534	6
1543	6
1547	1
1570	8
1576	6
1579	6
1583	6
1585	8
1590	2
1591	10
1594	10
1605	8
1607	6
1628	6
1639	3
1641	6
1648	6
1654	6
1658	6
1663	4
1683	6
1685	10
1687	6
1689	8
1694	2
1699	8
1726	6
1737	6
1759	6
1768	6
1771	7
1792	2
1799	6
1819	6
1820	6
1829	8
1837	8
1858	8
1860	4
1863	6
1865	6
1870	6
1877	2
1878	6
1880	6
1888	4
1895	6
1905	8
1915	2
1918	6
1921	6
1932	6
1942	6
1949	6
1968	8
1974	8
1981	3
1990	6
1992	6
1996	8
2009	6
2012	7
2034	7
2035	6
2044	2
2046	2
2062	2
2065	4
2067	8
2079	6
2113	10
2122	4
2132	8
2134	3
2142	4
2144	6
2154	6
2169	8
2173	6
2187	6
2201	2
2207	6
2221	8
2225	6
2226	4
2227	8
2233	4
2236	6
2237	6
2247	6
2263	8
2273	6
2275	10
2276	6
2281	5
2282	6
2292	6
2304	6
2317	6
2321	8
2325	7
2335	8
2339	8
2364	4
2378	6
2379	10
2387	8
2394	4
2398	6
2411	6
2424	8
2428	5
2433	1
2442	8
2464	6
2467	4
2482	6
2484	4
2488	6
2497	2
2498	8
2523	5
2537	6
2541	10
2549	6
2565	6
2581	8
2596	4
2612	6
2614	6
2615	6
2629	6
2641	8
2648	6
2653	6
2655	8
2659	8
2660	8
2662	5
2663	4
2667	10
2671	10
2686	8
2692	3
2694	8
2720	2
2725	6
2746	8
2756	6
2762	10
2764	4
2768	6
2787	8
2801	8
2804	6
2813	3
2817	6
2821	8
2823	6
2826	4
2833	6
2844	4
2845	2
2849	6
2850	8
2856	6
2861	9
2869	4
2879	2
2881	6
2891	7
2908	6
2916	6
2921	6
2930	5
2931	10
2946	6
2949	6
2955	6
2958	2
2963	6
2976	4
2993	6
2994	8
2998	8
3001	6
3013	6
3022	8
3024	10
3029	4
3030	6
3039	7
3051	8
3052	4
3061	6
3065	6
3067	8
3069	6
3073	9
3076	6
3082	6
3083	6
3089	6
3102	4
3104	6
3110	5
3127	8
3131	8
3144	4
3148	6
3149	1
3166	6
3170	4
3175	10
3210	6
3219	6
3220	6
3257	8
3260	8
3275	8
3285	8
3286	8
3288	8
3291	8
3314	6
3336	5
3346	8
3354	8
3355	8
3376	6
3389	6
3392	2
3399	8
3405	6
3411	8
3412	10
3439	4
3452	8
3463	5
3474	6
3476	8
3481	4
3483	6
3484	6
3486	2
3513	8
3524	6
3528	10
3536	8
3539	2
3550	8
3577	6
3585	8
3586	8
3591	4
3592	6
3595	6
3605	10
3606	6
3615	6
3619	4
3635	4
3643	10
3646	5
3668	6
3669	6
3679	2
3686	4
3687	6
3694	6
3708	6
3712	6
3722	8
3736	8
3737	10
3738	6
3756	4
3766	10
3767	4
3772	6
3791	8
3793	1
3794	10
3795	6
3808	6
3810	1
3811	6
3817	6
3823	2
3826	8
3840	4
3847	8
3849	7
3857	6
3865	7
3870	6
3879	6
3882	6
3891	8
3901	6
3913	6
3919	6
3934	6
3949	4
3954	6
3966	6
3977	6
3979	6
3980	4
3983	8
3992	7
4008	8
4021	7
4031	8
4035	2
4045	10
4054	6
4057	6
4060	6
4065	4
4078	8
4079	6
4085	8
4088	4
4090	6
4092	5
4099	5
4107	8
4130	4
4138	8
4171	8
4179	8
4187	10
4206	8
4222	2
4225	6
4234	5
4235	4
4239	6
4243	7
4245	6
4264	10
4270	6
4272	6
4287	6
4292	6
4312	6
4313	8
4317	6
4319	10
4327	4
4340	6
4343	6
4349	8
4350	8
4353	2
4354	10
4362	6
4363	10
4364	6
4366	6
4368	8
4382	6
4383	8
4385	1
4401	6
4420	6
4421	8
4427	6
4434	6
4443	6
4447	8
4451	6
4457	8
4460	6
4461	6
4468	6
4469	4
4509	4
4513	4
4517	8
4522	6
4528	8
4533	4
4541	8
4549	6
4553	8
4554	10
4565	4
4576	8
4586	6
4598	6
4606	4
4612	6
4615	2
4665	6
4669	6
4672	6
4674	6
4709	8
4715	3
4724	4
4740	6
4741	6
4746	4
4747	8
4748	8
4749	10
4751	6
4762	8
4763	4
4773	6
4783	2
4814	8
4819	6
4824	6
4834	8
4843	8
4856	4
4859	6
4864	6
4876	4
4891	8
4906	6
4909	6
4935	4
4948	6
4951	5
4954	4
4969	8
4976	10
4984	10
4992	8
5009	6
5012	8
5027	8
5048	10
5052	4
5054	6
5067	6
5071	8
5081	6
5085	5
5086	10
5088	6
5089	2
5093	8
5101	8
5108	8
5111	6
5118	6
5125	6
5127	6
5129	10
5140	8
5150	6
5162	4
5167	8
5174	3
5191	6
5194	6
5203	6
5204	4
5208	6
5224	6
5226	6
5227	7
5231	10
5232	2
5242	2
5266	7
5272	6
5273	6
5275	6
5279	4
5282	6
5288	8
5290	10
5305	4
5314	8
5335	8
5342	4
5349	4
5369	10
5376	6
5381	8
5386	8
5393	8
5416	8
5417	6
5422	5
5430	8
5431	8
5436	8
5441	6
5461	7
5463	8
5478	6
5483	6
5495	5
5498	8
5503	6
5512	8
5524	6
5530	6
5532	10
5548	6
5552	5
5554	8
5555	6
5558	6
5562	6
5575	4
5601	8
5602	6
5619	10
5639	8
5643	4
5664	2
5667	6
5670	5
5676	8
5678	6
5681	1
5682	8
5688	6
5694	6
5711	8
5734	6
5747	6
5761	8
5764	6
5768	6
5772	10
5794	10
5797	6
5799	6
5808	6
5813	6
5822	4
5824	6
5825	6
5826	6
5835	6
5837	6
5843	4
5853	10
5865	4
5877	2
5905	6
5913	6
5916	8
5922	8
5923	8
5939	7
5949	8
5955	6
5963	6
5984	6
5989	8
6003	6
6004	8
6016	6
6018	4
6020	6
6027	6
6034	8
6043	4
6053	8
6054	6
6059	6
6070	2
6092	10
6097	6
6106	10
6120	6
6123	6
6124	3
6141	6
6147	6
6150	6
6161	6
6170	6
6174	6
6184	6
6211	10
6237	6
6238	6
6245	8
6250	10
6254	4
6260	8
6273	6
6279	6
6285	7
6287	6
6295	8
6322	1
6329	6
6349	8
6351	6
6370	8
6376	10
6378	8
6380	6
6387	6
6393	7
6408	10
6422	6
6426	6
6438	8
6440	6
6443	5
6445	6
6459	8
6462	8
6468	6
6477	7
6492	6
6497	2
6505	6
6508	4
6512	8
6518	6
6524	6
6534	6
6539	8
6544	10
6547	6
6550	7
6551	6
6556	8
6559	6
6562	8
6569	6
6577	6
6581	6
6584	4
6587	6
6610	8
6624	5
6651	8
6654	2
6655	8
6659	8
6664	8
6678	5
6679	6
6681	6
6708	6
6735	7
6736	8
6739	7
6743	8
6760	6
6791	6
6793	10
6798	6
6802	6
6808	6
6809	6
6810	8
6812	10
6814	7
6836	6
6841	9
6842	6
6847	6
6851	8
6856	8
6882	6
6888	4
6892	4
6895	7
6911	6
6923	2
6932	6
6938	8
6959	4
6966	6
6971	5
6974	6
6984	6
6987	10
6992	7
6996	8
7020	6
7037	10
7040	8
7045	6
7055	7
7070	4
7074	6
7096	6
7103	8
7108	6
7112	6
7117	6
7120	6
7123	4
7127	6
7128	8
7131	2
7148	8
7157	8
7158	6
7161	6
7167	6
7180	10
7185	6
7194	6
7196	6
7206	8
7208	10
7217	5
7219	6
7225	2
7234	8
7290	6
7302	4
7314	8
7319	6
7320	4
7337	8
7383	6
7387	6
7390	6
7394	6
7417	6
7426	6
7437	6
7443	6
7461	4
7466	6
7468	8
7471	6
7472	5
7488	6
7489	5
7496	8
7508	5
7516	10
7539	6
7542	6
7552	8
7553	6
7557	6
7580	8
7582	8
7587	6
7589	8
7590	10
7591	4
7600	4
7602	8
7612	6
7616	6
7622	4
7626	6
7668	2
7682	6
7686	8
7692	10
7699	8
7707	4
7709	4
7718	6
7726	6
7730	8
7740	8
7741	8
7743	4
7756	10
7770	8
7774	8
7783	6
7785	6
7798	6
7830	6
7834	10
7854	8
7855	8
7858	6
7865	6
7876	4
7899	10
7911	8
7912	10
7919	6
7927	6
7931	6
7949	6
7950	4
7968	4
7972	6
7992	6
8006	10
8022	10
8024	6
8031	4
8058	7
8063	7
8064	6
8067	6
8071	8
8079	8
8089	6
8097	3
8104	10
8105	10
8119	8
