1	10
4	6
8	6
13	6
18	6
19	8
22	6
23	6
26	10
30	10
34	4
35	8
38	8
47	8
50	8
54	6
72	10
76	10
77	10
79	6
92	8
94	10
95	6
96	8
100	5
101	10
102	10
103	6
106	8
110	8
115	8
116	8
118	6
119	6
122	6
124	7
125	7
126	4
135	4
136	4
139	6
141	10
143	2
144	7
145	2
148	6
149	5
152	8
154	7
155	7
160	10
163	6
164	8
166	8
170	5
171	8
172	8
173	10
175	6
179	4
189	6
192	6
193	6
196	6
199	10
206	6
207	4
209	6
212	3
213	10
214	8
215	8
216	6
221	4
228	10
232	6
236	10
243	4
247	8
253	8
260	6
262	8
263	7
264	6
267	6
268	8
273	9
275	8
276	9
277	8
281	6
289	5
290	8
292	6
294	10
296	6
298	2
303	7
305	10
310	8
311	8
315	10
318	7
320	6
321	8
323	8
325	9
326	6
333	8
340	8
344	6
348	7
349	8
351	4
352	10
354	5
358	7
366	8
368	7
379	10
381	8
384	6
386	8
391	8
392	8
398	8
404	8
407	8
409	10
410	8
416	8
419	4
421	6
426	6
429	2
432	6
433	8
434	8
436	6
438	4
440	7
441	8
449	6
450	6
452	8
454	10
459	6
463	6
465	4
469	10
472	8
482	5
485	10
493	7
494	6
496	4
501	8
504	6
505	6
507	6
509	8
513	6
516	7
524	6
533	8
536	8
539	6
541	8
543	8
545	8
547	8
553	4
554	2
555	7
556	4
558	6
561	7
562	10
564	8
567	10
574	10
577	6
582	6
584	10
585	10
587	7
588	6
589	4
593	6
601	10
604	4
606	8
609	6
616	9
617	8
619	6
621	6
622	10
623	6
625	8
627	4
633	4
634	10
641	8
642	6
643	4
645	8
647	8
649	10
650	2
655	8
656	8
657	3
658	6
661	6
677	6
678	8
679	8
680	8
688	1
689	8
691	6
700	8
714	6
716	2
719	8
720	10
727	6
731	8
734	8
735	6
739	2
743	6
745	6
746	6
755	6
759	6
761	8
771	8
772	4
773	4
775	8
780	8
783	8
784	5
785	10
788	9
789	8
790	10
795	6
797	6
798	9
799	8
802	8
803	8
806	6
808	8
812	6
820	6
822	4
826	7
827	10
828	10
830	10
833	6
837	4
838	3
839	3
843	6
844	8
846	8
847	10
852	8
857	8
859	4
862	8
863	8
870	6
871	2
876	8
878	6
881	8
886	6
887	8
891	6
895	8
896	4
902	8
905	10
907	6
908	10
915	8
919	10
922	8
928	5
930	10
932	8
933	4
935	6
936	7
942	10
949	8
954	4
956	8
963	10
964	4
972	6
975	4
986	8
990	6
996	10
998	7
1001	6
1004	7
1005	8
1008	7
1011	6
1013	6
1020	10
1026	10
1028	10
1037	10
1038	10
1047	5
1050	6
1054	6
1057	8
1058	6
1066	8
1070	8
1072	9
1074	6
1075	7
1077	4
1078	6
1079	10
1083	6
1094	6
1102	6
1103	10
1114	6
1123	2
1125	8
1126	6
1127	2
1129	8
1132	9
1139	5
1142	6
1143	10
1147	8
1148	6
1149	6
1152	6
1160	7
1161	6
1163	8
1166	8
1169	6
1171	6
1174	6
1177	8
1180	8
1183	8
1185	8
1186	9
1191	8
1193	8
1194	8
1196	8
1198	6
1202	2
1204	6
1211	8
1216	8
1219	8
1224	6
1226	10
1227	6
1228	10
1236	5
1238	6
1239	8
1240	8
1242	10
1245	8
1249	6
1254	8
1256	4
1261	8
1265	6
1269	10
1270	8
1279	10
1280	6
1287	6
1288	2
1294	5
1296	8
1297	8
1302	7
1303	8
1305	4
1326	6
1333	8
1334	2
1335	10
1336	6
1337	5
1349	6
1355	4
1368	6
1369	6
1377	8
1380	6
1388	1
1390	6
1391	8
1395	5
1398	3
1399	8
1406	8
1407	7
1408	8
1409	6
1412	6
1413	10
1415	6
1417	6
1419	1
1420	6
1422	4
1423	6
1425	4
1427	3
1431	6
1433	8
1435	6
1437	6
1440	8
1445	4
1446	5
1452	8
1466	8
1467	1
1468	8
1471	4
1475	8
1478	6
1479	6
1484	8
1485	7
1486	8
1495	6
1496	6
1498	8
1499	5
1505	8
1506	10
1509	5
1515	6
1517	8
1523	6
1528	8
1530	10
1534	8
1536	6
1542	8
1545	8
1552	8
1557	6
1567	8
1570	10
1573	6
1578	8
1583	4
1584	8
1585	8
1588	6
1590	4
1596	10
1598	10
1601	8
1603	6
1605	6
1618	8
1624	8
1630	8
1632	6
1633	9
1635	8
1638	8
1639	7
1640	8
1641	6
1643	6
1651	8
1658	10
1663	7
1667	7
1673	6
1684	6
1687	8
1694	6
1699	10
1705	8
1706	6
1709	6
1711	6
1712	6
1714	8
1715	8
1723	10
1724	8
1725	6
1729	2
1730	6
1742	8
1750	7
1751	6
1755	5
1756	5
1759	8
1760	2
1762	6
1763	4
1766	10
1769	6
1771	8
1773	6
1783	6
1786	10
1795	6
1799	6
1800	6
1805	7
1809	8
1811	9
1817	6
1818	9
1819	8
1820	8
1823	6
1829	10
1832	6
1839	7
1841	8
1844	8
1845	6
1846	6
1848	8
1854	3
1860	7
1861	4
1864	8
1870	7
1873	10
1874	2
1878	8
1880	6
1881	6
1882	6
1883	8
1886	8
1887	6
1890	6
1891	4
1893	5
1895	8
1896	8
1898	4
1905	8
1906	8
1907	6
1916	6
1918	8
1921	10
1928	10
1930	10
1933	6
1935	6
1936	8
1938	6
1944	7
1954	4
1962	8
1965	8
1966	6
1968	8
1976	8
1977	8
1981	8
1982	10
1987	6
1988	6
1989	6
1992	8
1996	10
1997	8
2007	8
2012	6
2013	10
2026	8
2027	4
2034	5
2036	10
2041	8
2044	6
2045	8
2046	8
2049	10
2053	5
2054	8
2056	6
2060	5
2064	9
2072	6
2079	8
2081	6
2088	10
2093	8
2095	8
2096	8
2097	6
2099	6
2102	8
2104	10
2107	6
2116	6
2123	6
2127	6
2129	6
2130	7
2132	8
2134	6
2142	6
2143	8
2152	10
2154	6
2160	10
2165	6
2178	8
2187	8
2192	8
2193	4
2194	6
2196	6
2197	8
2198	2
2201	6
2204	8
2207	8
2209	6
2213	10
2214	4
2215	8
2218	5
2220	6
2221	8
2224	6
2225	6
2226	6
2233	4
2237	8
2240	10
2243	4
2247	8
2251	6
2252	10
2254	8
2255	6
2257	8
2260	8
2263	8
2265	5
2266	8
2273	8
2275	6
2276	8
2282	5
2285	8
2288	8
2291	6
2292	6
2294	7
2296	6
2298	8
2300	6
2304	4
2314	8
2317	10
2321	6
2322	6
2324	6
2325	8
2330	7
2339	7
2343	6
2347	6
2349	8
2350	6
2354	6
2355	8
2361	10
2364	8
2370	6
2377	5
2385	8
2387	6
2393	10
2394	6
2398	8
2399	6
2402	5
2404	4
2407	8
2411	6
2412	10
2424	6
2425	8
2428	4
2429	8
2434	8
2435	7
2439	4
2441	6
2452	10
2455	5
2457	8
2460	8
2464	10
2467	4
2468	8
2469	7
2471	4
2472	10
2482	8
2484	6
2487	6
2488	6
2497	6
2498	6
2500	6
2503	2
2505	6
2512	6
2513	8
2517	4
2522	10
2527	7
2528	9
2536	5
2537	10
2542	7
2545	4
2548	4
2551	10
2555	6
2559	6
2560	6
2566	4
2573	4
2574	6
2575	8
2581	10
2583	6
2590	8
2592	6
2596	6
2598	6
2603	8
2604	4
2607	6
2608	10
2612	8
2613	6
2614	8
2616	4
2619	7
2620	6
2623	8
2628	6
2629	10
2630	6
2635	10
2637	8
2641	10
2646	10
2648	6
2649	10
2650	6
2652	8
2655	8
2657	8
2660	10
2661	6
2662	5
2663	6
2667	8
2669	8
2676	7
2682	6
2684	6
2685	6
2686	7
2689	6
2692	6
2694	8
2698	7
2700	10
2701	8
2706	6
2708	8
2709	8
2712	8
2714	6
2723	6
2724	7
2725	6
2726	8
2727	8
2728	7
2730	3
2733	10
2735	7
2736	7
2742	5
2745	8
2747	8
2749	10
2751	8
2752	5
2753	10
2754	10
2756	9
2758	10
2762	6
2765	8
2780	6
2783	7
2785	7
2787	8
2788	6
2794	6
2795	6
2796	3
2797	10
2801	10
2802	7
2804	6
2809	8
2810	8
2812	6
2813	8
2817	10
2823	6
2825	8
2826	10
2827	4
2828	4
2829	7
2831	6
2842	6
2844	8
2845	8
2847	8
2850	8
2852	7
2853	6
2858	10
2859	7
2862	8
2868	8
2869	8
2871	6
2872	6
2879	6
2881	6
2882	8
2883	6
2891	7
2892	9
2893	6
2895	4
2902	8
2907	8
2908	8
2909	7
2911	8
2916	8
2920	6
2921	6
2925	8
2926	6
2931	6
2933	8
2936	5
2939	8
2941	8
2944	8
2946	6
2950	8
2952	7
2955	8
2958	6
2959	4
2964	5
2965	10
2974	8
2976	6
2983	10
2986	8
2987	10
2993	10
2994	8
2998	10
3001	8
3008	6
3009	8
3012	10
3013	8
3015	8
3016	3
3019	8
3022	8
3024	8
3030	10
3032	6
3033	9
3034	5
3035	10
3040	10
3041	8
3057	8
3061	2
3063	6
3064	8
3065	8
3067	2
3070	6
3073	7
3075	8
3079	8
3082	6
3083	6
3089	4
3091	7
3103	8
3104	6
3105	8
3108	8
3110	8
3116	9
3117	6
3118	8
3129	4
3131	6
3133	8
3137	6
3139	7
3141	8
3149	4
3150	8
3152	8
3154	6
3157	6
3159	6
3163	6
3164	6
3166	8
3171	8
3174	8
3175	6
3178	6
3180	1
3181	8
3182	7
3185	6
3187	8
3189	8
3194	8
3197	6
3200	6
3202	6
3210	8
3219	6
3220	6
3222	7
3227	6
3230	6
3231	6
3232	4
3233	6
3237	8
3241	6
3246	4
3252	10
3257	8
3259	5
3261	8
