8	7
19	6
41	4
44	10
66	9
68	6
78	8
96	8
103	8
112	6
122	10
124	3
136	6
143	10
174	8
182	8
192	8
203	6
212	8
214	8
215	10
226	10
243	4
259	9
275	10
276	7
279	6
292	8
323	3
340	6
345	8
351	8
357	8
360	10
368	9
419	6
426	7
450	8
470	7
493	5
513	8
522	8
533	9
552	7
558	6
571	8
582	10
585	10
595	8
605	6
608	10
621	7
634	10
642	8
650	10
666	7
671	6
726	10
731	8
734	6
757	8
767	7
773	10
780	6
784	7
790	6
798	6
803	4
824	6
840	10
851	10
867	6
871	6
878	8
885	8
886	6
896	6
905	2
949	8
953	10
957	4
999	3
1008	8
1011	6
1021	8
1033	6
1038	10
1047	7
1058	8
1088	6
1136	7
1139	7
1168	6
1174	8
1176	8
1182	8
1186	9
1191	8
1214	8
1227	10
1233	4
1248	6
1265	8
1278	9
1284	10
1292	6
1302	7
1306	5
1320	10
1350	6
1352	10
1355	9
1365	6
1377	8
1406	10
1408	9
1411	10
1423	10
1425	8
1426	6
1456	9
1464	10
1471	8
1484	8
1485	7
1488	7
1500	5
1532	5
1534	8
1536	8
1541	7
1551	6
1557	6
1567	10
1600	6
1605	10
1614	6
1636	10
1640	4
1651	9
1666	10
1673	8
1696	10
1702	6
1709	6
1717	8
1724	10
1751	6
1762	8
1763	8
1771	9
1772	10
1790	4
1815	6
1817	9
1832	8
1860	6
1876	6
1893	9
1904	9
1906	2
1918	6
1919	2
1926	8
1959	4
1960	6
1976	8
1988	9
1993	8
2002	8
2028	8
2034	8
2039	6
2050	8
2052	8
2057	10
2066	6
2090	10
2093	8
2096	8
2134	8
2152	10
2168	8
2194	8
2197	10
2204	8
2213	8
2258	8
2267	8
2270	4
2275	8
2310	6
2314	6
2351	8
2357	8
2376	8
2385	6
2404	10
2424	6
2444	8
2446	10
2447	5
2460	10
2466	8
2483	8
2485	4
2491	6
2503	8
2504	8
2515	8
2524	6
2534	8
2539	10
2545	7
2566	10
2570	10
2596	6
2598	8
2675	8
2685	8
2690	6
2695	10
2696	10
2709	6
2720	10
2729	8
2739	8
2747	6
2763	6
2765	10
2783	9
2809	6
2810	6
2814	8
2815	6
2821	10
2828	10
2834	10
2852	9
2858	10
2890	7
2903	8
2904	10
2906	8
2911	10
2912	8
2919	10
2936	8
2939	10
2942	10
3001	10
3014	8
3019	10
3022	10
3026	10
3030	4
3034	10
3041	8
3042	8
3061	6
3063	6
3067	8
3084	10
3086	6
3088	10
3103	7
3133	10
3134	8
3148	8
3149	7
3151	6
3154	8
3170	8
3174	8
3180	1
3186	9
3190	8
3204	9
3220	8
3228	4
3242	8
3244	9
3245	6
3257	10
3264	6
3265	8
3311	4
3347	6
3365	10
3366	8
3378	8
3380	8
3388	10
3411	8
3414	6
3420	10
3432	10
3434	7
3448	8
3484	8
3496	8
3502	10
3504	10
3510	9
3534	8
3538	4
3539	10
3555	10
3562	8
3592	6
3647	8
3652	8
3658	8
3669	4
3691	10
3705	8
3721	8
3727	4
3729	10
3730	7
3747	8
3748	10
3768	8
3771	7
3784	7
3802	4
3805	10
3810	5
3817	6
3828	8
3841	4
3847	8
3881	7
3914	6
3917	5
3920	2
3980	6
4009	4
4019	8
4044	9
4051	2
4098	8
4101	10
4134	6
4135	7
4152	8
4156	7
4180	6
4182	8
4191	8
4192	10
4214	10
4219	6
4229	6
4250	8
4257	10
4258	8
4263	10
4289	10
4302	8
4312	10
4317	5
4332	8
4341	7
4358	8
4364	8
4377	8
4395	8
4396	8
4430	8
4441	6
4448	10
4457	10
4466	8
4469	8
4473	7
4498	6
4523	8
4532	6
4549	9
4565	8
4568	2
4578	4
4589	8
4593	8
4598	6
4612	10
4627	8
4635	6
4665	8
4688	6
4700	10
4702	10
4712	6
4715	9
4720	8
4724	8
4726	2
4729	8
4733	10
4766	10
4772	6
4783	10
4785	10
4795	8
4814	2
4815	6
4825	10
4827	7
4829	4
4909	6
4928	6
4950	6
4983	8
4993	8
5039	8
5068	8
5074	6
5100	8
5107	8
5112	8
5134	10
5142	8
5182	6
5191	8
5192	8
5194	6
5197	7
5199	6
5201	6
5203	10
5204	8
5216	6
5226	10
5246	9
5256	10
5262	7
5263	8
5265	6
5266	7
5275	4
5290	6
5307	9
5340	8
5344	8
5353	8
5356	10
5395	8
5409	10
5414	8
5425	8
5438	8
5446	10
5457	8
5467	8
5483	8
5489	8
5505	8
5508	8
5515	10
5578	10
5584	10
5592	8
5613	8
5631	8
5672	6
5678	6
5689	6
5694	8
5714	6
5720	8
5737	10
5744	10
5774	9
5779	6
5794	4
5798	6
5822	2
5829	1
5840	9
5847	6
5848	8
5849	8
5865	7
5873	8
5888	10
5890	8
5900	8
5913	8
5917	8
5933	8
5973	8
5981	8
5986	8
5993	8
6013	8
6014	4
6018	8
6027	8
6030	6
6036	8
6072	6
6104	8
6117	8
6143	8
6144	9
6161	6
6201	10
6240	10
6245	6
6261	6
6273	10
6276	6
6289	5
6308	7
6347	8
6352	4
6370	10
6393	9
6405	6
6408	8
6419	7
6426	8
6440	8
6442	10
6443	6
6465	8
6477	5
6511	10
6514	6
6534	4
6535	6
6539	9
6555	8
6562	10
6578	8
6587	8
6603	6
6604	10
6621	6
6649	7
6668	8
6671	8
6677	6
6678	8
6684	6
6745	8
6754	6
6757	6
6772	10
6774	8
6800	4
6822	10
6826	6
6845	10
6849	8
6856	2
6873	8
6882	6
6889	7
6893	10
6895	8
6905	8
6924	8
6936	6
6948	8
6970	6
6976	6
6982	10
6992	6
7001	10
7012	6
7023	10
7028	10
7048	10
7081	6
7104	6
7131	10
7144	10
7150	8
7160	8
7161	8
7181	4
7203	6
7213	8
7216	4
7217	9
7242	7
7255	8
7265	9
7269	9
7279	10
7282	7
7289	8
7291	10
7300	8
7303	8
7304	6
7315	7
7324	7
7327	10
7352	10
7371	10
7372	10
7380	8
7384	8
7385	8
7424	8
7434	4
7456	6
7534	6
7543	8
7568	6
7582	8
7587	9
7602	8
7609	6
7612	5
7618	9
7628	10
7655	9
7669	8
7675	10
7676	8
7678	10
7681	10
7685	5
7706	8
7707	10
7711	6
7727	6
7744	8
7765	8
7772	10
7774	7
7795	8
7838	8
7844	6
7848	9
7849	10
7856	10
7868	8
7875	7
7876	6
7902	10
7917	6
7936	6
7954	8
7958	6
7970	5
7972	6
7978	4
7989	6
8012	8
8024	6
8031	10
8032	2
8054	6
8055	8
8066	7
8075	8
8078	6
8097	10
8105	8
8114	6
8120	10
8161	10
8166	9
8173	7
8179	6
8181	2
8184	8
8188	4
8198	8
8213	8
8215	10
8222	4
8236	8
8265	6
8285	7
8297	6
8305	8
8306	8
8312	8
8330	8
8338	2
8344	8
8383	8
8394	10
8419	9
8427	7
8430	10
8461	4
8476	8
8493	10
8508	10
8513	6
8514	8
8530	7
8536	10
8543	9
8544	6
8551	4
8574	6
8579	6
8613	8
8618	8
8621	8
8631	4
8651	9
8676	8
8679	8
8682	6
8686	6
8690	10
8712	8
8717	7
8718	8
8734	4
8739	7
8740	8
8765	6
8801	10
8806	10
8811	6
8813	5
8816	8
8823	8
8830	10
8837	7
8849	8
8852	9
8856	9
8857	7
8875	4
8887	8
8896	8
8922	8
8940	6
8952	8
8959	6
8960	10
8961	8
8964	4
8967	9
8991	8
9003	6
9018	10
9020	10
9039	8
9043	6
9060	10
9064	2
9079	10
9083	8
9092	3
9095	6
9099	4
9104	5
9117	8
9130	8
9135	10
9139	6
9149	2
9161	8
9163	10
9196	8
9199	8
9237	8
9238	7
9252	6
9266	6
9319	8
9322	6
9328	6
9335	8
9355	8
9358	7
9359	5
9363	8
9375	8
9388	9
9393	8
9396	6
9420	10
9432	8
9434	10
9439	7
9440	8
9443	10
9444	9
9448	4
9462	7
9465	6
9473	5
9474	9
9492	6
9514	10
9526	4
9531	10
9549	10
9554	4
9561	8
9565	8
9570	6
9589	5
9629	5
9633	6
9634	10
9660	10
9711	8
9715	8
9731	10
9771	8
9781	4
9786	10
9795	8
9809	10
9818	8
9819	5
9840	6
9856	8
9869	6
9874	6
9883	6
9892	8
9900	8
9901	8
9921	6
9927	6
9939	6
9942	8
9952	7
9963	8
9975	7
9988	8
10005	9
10028	8
10057	6
10062	8
10072	8
10076	6
10083	8
10091	8
10098	9
10107	8
10111	6
10113	6
10114	6
10120	4
10127	6
10144	6
10146	8
10151	10
10171	8
10179	6
10189	8
10207	8
10209	8
10222	4
10233	6
10245	5
10266	8
10269	10
10270	4
10274	8
10277	6
10279	2
10281	4
10292	10
10305	6
10307	8
10316	8
10318	8
10322	8
10332	6
10333	10
10350	6
10368	5
10372	10
10374	8
10388	10
10390	9
10400	8
10402	5
10411	8
10444	8
10462	8
10467	6
10469	7
10476	9
10492	8
10509	2
10529	5
10530	8
10562	8
10595	6
10597	8
10620	9
10630	8
10646	10
10658	10
10667	7
10669	8
10672	9
10679	6
10680	6
10695	4
10758	4
10765	10
10771	9
10777	8
10815	8
10821	6
10822	6
10831	10
10846	10
10850	6
10854	10
10858	6
10864	8
10904	7
10915	10
10921	8
10931	9
10934	10
10952	6
10962	8
10984	8
10995	7
11011	7
11026	8
11041	4
11049	8
11050	8
11062	8
11068	10
11075	4
11088	10
11117	8
11129	10
11137	8
11142	8
11147	8
11151	8
11156	10
11157	8
11158	8
11161	6
11174	8
11185	2
11186	10
11213	6
11219	8
11232	8
11238	6
11251	7
11253	9
11254	8
11255	10
11264	8
11276	6
11281	6
11283	9
11300	6
11306	7
11308	4
11323	8
11344	6
11345	10
11347	6
11351	6
11377	10
11381	8
11417	8
11420	8
11434	8
11451	10
11460	8
11483	10
11490	7
11494	6
11505	6
11514	8
11527	10
11533	8
11550	8
11553	9
11558	8
11570	7
11576	6
11597	6
11601	10
11604	10
11606	6
11607	8
11611	10
11613	8
11620	6
11626	4
