4	10
5	6
8	7
18	6
19	6
22	6
26	6
30	10
35	6
36	10
47	8
50	6
54	6
56	8
59	6
62	6
65	6
67	6
71	6
76	6
77	6
79	6
86	6
89	6
92	7
94	8
95	6
96	4
100	6
101	8
102	6
103	6
110	6
111	6
116	8
118	8
119	6
122	6
124	4
125	8
126	8
128	8
131	6
132	4
135	10
137	2
139	8
141	2
143	10
144	8
145	6
149	5
152	6
154	8
160	8
164	8
172	6
173	6
175	8
176	6
179	8
182	6
183	8
188	6
190	2
192	7
193	6
195	8
196	8
197	7
198	8
199	6
203	6
207	6
208	10
212	8
215	8
217	6
221	6
226	8
228	6
232	8
235	8
236	6
243	4
247	8
250	6
251	6
263	9
264	6
267	6
275	4
276	6
279	8
281	8
286	8
287	6
289	6
292	8
293	8
294	8
300	10
302	8
303	6
305	6
308	4
311	6
315	4
318	9
320	6
321	6
323	6
326	6
332	6
334	8
338	8
339	6
341	6
343	6
348	8
349	6
351	8
353	8
358	6
364	6
365	6
368	8
369	6
381	6
382	8
384	4
386	8
391	8
392	8
404	10
406	8
410	6
416	8
418	6
419	4
421	2
426	6
428	6
432	8
434	8
436	6
438	6
441	6
444	4
446	6
450	8
452	7
453	6
454	6
456	8
459	6
460	6
461	6
465	8
466	7
468	4
472	6
478	4
480	8
481	10
483	8
485	6
488	8
494	8
495	6
496	2
503	4
505	8
511	6
513	6
516	9
517	6
525	2
530	4
531	6
533	8
535	6
536	6
539	6
541	8
543	8
545	6
547	6
549	6
550	9
553	8
554	3
555	8
556	8
558	7
562	10
567	8
569	8
571	8
572	7
578	6
579	6
581	6
585	6
587	7
588	6
589	6
590	6
593	6
601	6
604	6
605	6
609	6
616	8
617	4
621	3
623	6
629	6
633	8
634	6
636	7
638	6
640	7
641	6
644	10
645	6
646	6
650	6
654	6
655	10
656	8
657	6
661	6
667	4
669	8
672	6
676	6
677	4
678	8
679	8
683	7
686	6
688	4
689	6
691	6
700	4
704	8
709	6
712	6
715	8
716	4
719	8
729	6
730	10
731	10
734	6
735	6
742	8
743	6
748	6
751	6
752	6
755	6
759	8
761	4
767	8
769	6
771	6
775	8
780	8
784	7
785	6
786	8
788	10
790	10
792	4
795	6
798	7
799	6
801	8
802	8
803	6
806	4
807	6
812	6
816	8
820	9
822	6
823	8
824	6
827	6
828	6
830	8
833	9
835	6
838	3
840	6
842	8
843	4
844	6
846	8
851	8
852	6
857	6
859	7
867	6
870	6
871	6
876	6
878	8
881	8
885	8
886	4
889	6
891	8
892	6
895	6
897	8
899	6
902	7
905	6
907	8
908	10
911	6
919	10
922	7
925	6
928	5
930	8
932	8
933	8
936	5
939	10
942	6
949	7
954	4
956	8
957	6
960	6
965	6
970	4
976	6
977	6
985	8
986	8
987	6
988	4
990	6
991	4
1001	8
1004	3
1005	8
1011	4
1018	7
1020	10
1021	8
1023	10
1025	2
1026	10
1028	6
1029	8
1031	8
1038	10
1041	8
1045	8
1046	6
1047	8
1050	6
1053	9
1054	6
1057	8
1058	8
1059	10
1061	6
1066	6
1070	6
1072	8
1078	6
1079	8
1082	10
1083	6
1086	6
1088	4
1090	8
1103	6
1104	10
1108	2
1112	8
1113	10
1114	6
1119	6
1123	4
1126	10
1132	9
1134	6
1139	8
1142	6
1143	10
1147	8
1148	6
1149	6
1152	8
1155	4
1156	8
1159	6
1160	8
1161	4
1162	8
1163	9
1165	8
1166	6
1171	6
1176	8
1178	10
1179	8
1180	6
1181	8
1182	6
1183	8
1185	6
1186	8
1190	8
1191	6
1193	8
1194	8
1198	8
1199	6
1202	6
1204	8
1206	6
1209	6
1211	6
1214	9
1216	6
1220	7
1224	7
1226	6
1227	6
1228	6
1230	8
1232	6
1238	6
1239	6
1242	10
1243	6
1245	6
1249	8
1250	6
1253	4
1256	6
1257	6
1260	6
1261	8
1268	6
1269	10
1275	6
1278	7
1280	6
1283	10
1286	6
1287	6
1288	9
1294	6
1301	4
1302	7
1305	8
1307	6
1309	6
1319	8
1325	8
1326	6
1327	6
1330	6
1331	8
1333	6
1335	6
1336	4
1337	6
1343	6
1344	6
1349	8
1355	8
1357	6
1358	8
1363	6
1368	6
1375	6
1376	10
1377	6
1378	7
1380	6
1382	8
1388	10
1389	8
1391	10
1392	8
1396	10
1399	8
1405	6
1408	7
1409	6
1414	8
1415	6
1419	1
1420	6
1422	6
1428	6
1431	4
1433	8
1435	7
1437	6
1438	8
1440	8
1446	8
1452	6
1463	8
1466	7
1467	6
1468	8
1470	6
1471	6
1475	8
1477	8
1478	6
1479	8
1482	6
1486	6
1487	6
1490	6
1496	7
1498	8
1499	3
1505	6
1506	6
1509	5
1510	8
1511	6
1517	8
1522	7
1523	6
1527	9
1528	6
1530	6
1531	5
1532	7
1533	6
1534	8
1538	4
1542	8
1543	8
1545	8
1547	8
1548	6
1552	6
1554	6
1560	6
1562	4
1567	8
1570	6
1576	6
1583	2
1584	8
1585	8
1586	6
1590	7
1594	6
1598	10
1601	6
1605	10
1607	4
1612	5
1621	8
1628	6
1630	6
1632	8
1633	6
1635	6
1638	10
1639	10
1640	4
1646	9
1647	10
1648	6
1658	6
1663	7
1664	6
1667	6
1668	9
1671	6
1673	6
1677	8
1683	8
1684	6
1687	8
1692	6
1694	6
1699	8
1706	8
1709	6
1711	6
1714	6
1715	6
1722	8
1724	6
1729	6
1735	6
1738	8
1739	6
1742	6
1747	6
1751	6
1755	8
1756	8
1758	6
1759	6
1764	6
1766	8
1768	6
1769	6
1771	9
1777	10
1783	6
1793	7
1795	8
1799	6
1803	8
1805	6
1807	6
1809	4
1811	9
1812	6
1818	8
1819	8
1820	6
1824	6
1826	10
1829	8
1835	6
1838	8
1840	6
1842	4
1843	10
1844	6
1846	6
1848	4
1852	10
1854	7
1860	7
1861	6
1863	6
1864	6
1865	6
1872	6
1873	8
1874	10
1875	10
1877	6
1880	10
1881	6
1882	6
1886	8
1887	6
1890	6
1893	8
1895	8
1905	6
1906	6
1907	7
1908	5
1911	6
1913	2
1914	10
1915	8
1916	6
1918	8
1921	6
1922	6
1926	8
1927	8
1932	4
1933	6
1938	6
1942	6
1949	6
1950	6
1961	6
1965	7
1968	6
1974	6
1975	6
1976	8
1977	6
1978	6
1979	10
1981	8
1982	6
1988	6
1989	6
1996	6
1997	6
1999	5
2001	6
2002	8
2007	6
2009	6
2012	7
2017	4
2018	8
2020	8
2025	6
2031	6
2034	7
2035	6
2036	6
2045	8
2046	6
2047	8
2050	6
2053	7
2054	6
2056	8
2059	8
2061	10
2062	6
2063	4
2065	6
2066	6
2067	8
2077	6
2079	10
2081	4
2088	4
2090	10
2092	6
2095	6
2096	6
2097	6
2102	8
2104	6
2111	8
2113	8
2114	8
2116	8
2123	6
2129	6
2132	8
2134	8
2138	6
2142	6
2143	6
2144	6
2148	6
2150	6
2152	10
2154	6
2159	8
2160	10
2162	6
2168	8
2169	6
2172	8
2173	10
2176	6
2178	10
2181	6
2187	6
2193	7
2194	6
2197	8
2200	9
2201	6
2204	6
2207	6
2213	6
2214	6
2216	6
2218	7
2221	8
2225	8
2226	6
2227	10
2230	6
2233	8
2236	6
2237	10
2240	8
2246	8
2247	6
2257	8
2259	4
2261	4
2263	6
2265	3
2266	8
2270	8
2271	9
2272	4
2273	6
2275	8
2278	6
2282	6
2285	8
2286	8
2288	6
2289	6
2292	6
2295	8
2296	6
2297	6
2300	10
2302	8
2304	8
2311	6
2312	8
2315	8
2317	4
2321	6
2324	7
2327	6
2337	6
2339	6
2341	6
2347	4
2349	6
2350	4
2352	6
2356	7
2370	8
2371	10
2375	6
2378	4
2379	8
2385	8
2387	6
2389	6
2393	8
2394	4
2397	4
2398	9
2399	6
2401	10
2404	10
2411	6
2414	10
2415	6
2422	6
2424	8
2428	7
2435	7
2436	6
2439	4
2441	6
2442	6
2445	8
2448	7
2451	10
2457	6
2458	6
2463	7
2464	6
2466	4
2467	2
2471	9
2472	10
2473	8
2482	4
2483	6
2484	4
2487	9
2488	8
2489	8
2492	8
2493	6
2497	6
2498	6
2500	8
2506	6
2511	6
2513	8
2517	8
2518	6
2525	6
2527	9
2534	8
2536	4
2537	8
2538	6
2541	6
2543	6
2545	5
2547	6
2548	6
2555	6
2559	6
2560	6
2564	7
2565	6
2566	10
2573	8
2574	7
2575	8
2581	10
2583	4
2584	7
2585	6
2590	10
2596	8
2598	8
2600	8
2604	7
2609	6
2613	8
2614	6
2615	6
2619	9
2624	10
2628	6
2629	10
2630	6
2634	6
2635	8
2640	6
2641	8
2643	8
2646	6
2648	8
2650	4
2652	4
2654	8
2655	6
2656	6
2657	8
2659	6
2660	6
2662	6
2663	6
2667	8
2674	4
2675	8
2677	2
2679	9
2682	6
2685	8
2686	7
2690	8
2694	8
2696	10
2698	5
2700	6
2707	8
2708	10
2709	6
2712	6
2714	6
2716	4
2718	6
2725	8
2729	6
2733	8
2735	9
2737	8
2738	6
2739	6
2742	5
2744	8
2745	6
2746	8
2749	6
2750	6
2752	8
2754	6
2765	10
2770	4
2771	6
2772	6
2783	6
2784	7
2785	8
2787	6
2788	6
2789	6
2795	8
2799	6
2803	6
2804	10
2809	6
2810	8
2812	5
2813	8
2814	6
2817	6
2819	8
2820	6
2821	10
2825	8
2826	8
2829	8
2830	8
2831	8
2833	10
