1	10
4	10
8	6
11	8
16	6
18	6
19	2
22	8
30	8
34	8
35	6
36	8
38	6
50	8
54	8
56	7
65	4
71	8
72	8
76	10
77	8
78	5
79	6
81	8
86	8
91	6
92	10
94	8
95	6
96	10
97	10
100	6
101	10
102	6
103	6
105	10
107	6
110	10
111	8
116	8
118	8
119	6
122	6
124	10
125	8
126	8
128	10
131	6
132	4
135	10
136	10
139	6
141	6
143	8
144	9
151	6
152	6
154	9
155	7
160	10
162	9
163	6
164	10
172	6
173	10
175	10
176	10
179	4
182	8
183	10
186	4
187	8
188	8
190	9
192	6
193	10
196	10
201	4
207	6
210	10
212	6
214	8
215	8
216	8
221	8
226	10
228	10
232	8
235	9
236	6
243	6
247	8
249	10
251	4
253	6
254	6
257	8
258	6
259	8
260	6
261	4
263	8
264	8
267	6
268	10
271	10
273	8
274	10
275	6
276	9
277	8
278	8
279	7
280	7
281	6
286	6
287	6
289	4
290	8
292	8
296	7
300	4
303	6
305	10
307	8
308	10
310	10
311	6
315	8
318	7
319	8
320	9
321	8
323	6
325	8
326	10
332	10
334	6
338	7
339	6
340	8
343	10
344	6
345	8
347	8
348	8
349	10
352	8
354	4
355	6
358	8
359	2
365	8
366	6
368	6
381	10
383	6
384	4
386	8
388	8
390	8
391	10
392	8
396	8
398	6
400	8
403	7
404	8
407	9
409	8
410	10
414	6
416	8
419	8
421	4
424	6
426	6
431	9
432	6
433	6
434	6
436	8
438	8
440	9
441	6
444	6
446	8
450	8
452	10
459	6
460	8
463	8
465	5
468	6
469	10
471	6
472	10
474	10
476	8
478	4
479	6
480	4
481	8
482	4
483	10
485	2
488	8
493	7
494	6
501	8
503	5
505	6
506	8
507	6
509	10
510	8
513	6
516	9
522	8
524	8
527	10
533	8
535	7
539	6
541	8
543	8
545	8
547	10
550	8
551	8
552	6
553	8
554	4
556	8
558	6
561	7
562	6
564	8
567	8
572	7
573	6
574	8
577	6
578	8
579	8
581	10
582	8
583	4
584	8
585	6
587	8
588	8
589	6
593	6
601	10
603	3
604	6
605	6
606	6
609	10
614	8
616	10
617	10
621	2
622	8
623	6
625	8
627	8
633	6
634	8
636	5
639	6
640	7
641	10
642	10
643	6
645	6
646	6
647	8
650	6
654	6
655	8
656	8
657	5
658	7
660	2
661	10
669	8
672	8
674	6
675	8
677	10
678	8
679	8
680	8
681	8
683	8
686	6
688	3
689	10
691	8
693	8
695	8
700	6
702	8
704	10
711	6
714	6
716	4
718	4
719	10
720	10
727	6
731	10
734	6
735	6
739	6
742	8
743	8
745	8
746	6
755	6
759	8
761	7
765	6
769	8
771	8
772	4
773	4
775	10
780	10
783	4
784	2
785	6
786	8
788	9
789	6
790	8
795	6
798	8
799	10
801	8
802	8
803	4
804	8
806	10
812	8
820	7
822	8
823	10
826	7
827	8
828	10
830	6
833	10
834	7
837	4
838	10
839	5
840	6
842	10
844	10
846	8
851	6
852	10
855	6
856	8
857	9
859	7
862	6
863	4
867	8
870	6
871	6
873	8
874	7
876	10
878	2
881	8
885	8
886	4
890	8
891	6
892	6
896	6
902	10
904	2
905	6
907	6
908	10
911	8
912	8
915	10
916	3
919	10
921	10
922	8
925	6
927	10
928	8
930	6
932	8
933	6
935	8
936	8
942	10
946	10
948	6
949	1
953	10
954	8
956	6
957	6
958	8
962	6
968	10
971	8
972	10
977	2
983	6
985	7
986	8
990	6
992	6
993	10
1001	8
1004	7
1005	8
1008	3
1009	5
1011	8
1013	6
1018	4
1020	6
1021	8
1022	6
1023	9
1025	8
1026	10
1028	10
1031	10
1035	6
1037	6
1038	10
1046	10
1047	10
1050	8
1054	6
1055	10
1057	10
1066	6
1070	6
1072	10
1075	8
1076	10
1077	3
1078	6
1079	10
1083	6
1084	6
1085	9
1086	6
1088	6
1090	8
1094	6
1101	9
1102	10
1103	10
1109	8
1114	10
1118	7
1119	6
1121	2
1123	6
1125	4
1126	8
1129	8
1132	9
1133	6
1134	6
1137	7
1138	8
1139	8
1142	6
1143	10
1147	10
1148	8
1152	8
1156	6
1157	8
1160	10
1164	5
1165	6
1166	8
1167	8
1169	8
1171	10
1174	6
1176	8
1177	8
1178	8
1180	8
1181	8
1182	8
1183	8
1185	8
1186	6
1191	6
1192	8
1193	6
1194	10
1197	9
1198	5
1202	10
1204	8
1205	8
1206	8
1211	8
1215	6
1216	6
1220	9
1224	7
1226	6
1227	10
1228	10
1232	8
1235	2
1236	5
1237	7
1238	6
1239	6
1240	8
1242	10
1245	6
1248	10
1249	10
1253	8
1254	8
1256	9
1257	8
1260	6
1261	6
1263	7
1265	10
1267	9
1268	6
1269	10
1278	6
1279	6
1280	6
1284	6
1288	8
1294	6
1296	8
1297	10
1299	8
1300	6
1301	2
1302	8
1303	6
1304	6
1308	6
1321	8
1326	7
1327	8
1329	8
1333	6
1334	2
1335	10
1336	4
1337	8
1339	6
1349	8
1350	8
1351	8
1355	7
1358	8
1359	4
1364	8
1365	6
1367	8
1368	4
1374	6
1375	8
1377	6
1378	7
1380	6
1383	8
1385	6
1388	10
1389	8
1390	10
1391	8
1392	6
1398	3
1399	8
1400	4
1401	8
1403	4
1404	4
1405	6
1406	10
1407	8
1408	4
1409	10
1410	4
1413	6
1415	6
1417	4
1419	2
1420	6
1422	6
1423	8
1428	10
1431	4
1433	6
1435	9
1437	6
1440	10
1445	6
1446	5
1449	8
1452	8
1458	10
1460	4
1462	10
1466	7
1467	5
1468	6
1471	6
1473	6
1475	8
1478	6
1479	8
1482	6
1485	8
1486	6
1490	6
1491	6
1499	6
1505	10
1506	8
1507	6
1509	4
1511	8
1513	8
1514	5
1515	6
1517	8
1519	6
1522	10
1527	6
1528	8
1530	10
1532	6
1533	10
1534	10
1536	2
1537	6
1542	6
1545	6
1547	9
1550	8
1551	8
1552	8
1557	6
1559	8
1560	6
1566	10
1567	8
1570	10
1571	8
1573	6
1576	6
1578	6
1579	10
1583	6
1584	8
1585	10
1586	8
1588	6
1590	2
1594	4
1596	8
1598	10
1601	6
1603	8
1605	6
1609	10
1612	7
1618	8
1624	10
1630	8
1632	5
1633	6
1635	8
1638	10
1639	8
1640	6
1641	6
1643	4
1647	10
1650	6
1651	9
1655	4
1658	8
1663	7
1667	6
1668	8
1669	8
1677	10
1684	6
1687	8
1689	10
1690	10
1692	10
1694	8
1699	10
1701	8
1705	8
1709	4
1711	6
1712	8
1714	10
1715	8
1717	6
1721	2
1724	8
1729	6
1730	6
1731	2
1735	10
1737	10
1739	8
1741	7
1742	8
1745	5
1750	7
1751	6
1755	7
1756	5
1759	8
1762	8
1763	8
1770	8
1771	8
1787	6
1788	8
1793	5
1795	8
1796	6
1799	6
1804	4
1805	8
1807	6
1809	8
1811	10
1812	6
1817	4
1818	8
1819	8
1820	8
1823	6
1824	6
1825	8
1828	10
1829	10
1830	6
1835	10
1836	2
1837	8
1838	8
1841	8
1842	6
1844	8
1846	10
1847	6
1848	5
1854	7
1855	10
1858	6
1860	7
1861	4
1862	8
1863	6
1870	4
1873	10
1874	10
1875	8
1878	10
1880	6
1881	6
1883	6
1887	10
1888	10
1890	10
1891	10
1895	8
1899	8
1902	8
1904	6
1905	6
1906	6
1907	7
1908	4
1909	6
1911	8
1914	10
1915	6
1916	6
1918	7
1921	10
1927	8
1928	4
1930	8
1933	8
1934	8
1935	6
1937	8
1938	10
1942	6
1944	7
1945	9
1949	8
1950	6
1953	10
1954	10
1959	6
1962	8
1963	6
1965	8
1966	8
1968	6
1970	8
1971	7
1976	8
1977	8
1979	6
1981	7
1982	10
1988	5
1989	10
1990	6
1991	8
1992	6
1995	8
1996	10
1997	6
1999	6
2001	10
2002	10
2007	8
2012	8
2017	8
2018	8
2020	8
2025	8
2026	10
2027	10
2032	2
2034	8
2035	8
2036	6
2039	8
2041	8
2044	6
2045	8
2046	6
2047	8
2050	6
2053	6
2054	10
2056	10
2059	7
2060	7
2061	8
2063	6
2066	6
2067	10
2072	6
2086	6
2088	4
2089	8
2090	6
2093	6
2095	8
2096	4
2097	5
2099	8
2100	10
2102	8
2104	10
2107	8
2108	7
2114	8
2116	5
2121	6
2123	6
2125	6
2127	10
2130	8
2132	10
2134	7
2142	8
2143	8
2148	10
2153	7
2154	5
2156	6
2160	10
2162	3
2165	8
2166	8
2168	9
2169	8
2170	10
2172	10
2174	8
2176	6
2178	8
2179	6
2181	7
2187	10
2192	6
2193	4
2194	6
2196	8
2198	4
2201	8
2204	6
2207	10
2209	4
2210	4
2214	5
2215	4
2216	8
2218	6
2221	10
2224	2
2225	8
2226	4
2230	6
2232	8
2233	6
2236	8
2237	8
2240	8
2243	6
2244	6
2247	8
2251	5
2254	8
2255	8
2257	6
2259	6
2261	6
2263	10
2265	6
2266	10
2267	8
2269	4
2270	5
2273	10
2274	8
2277	10
2281	6
2282	7
2285	8
2286	6
2288	8
2289	6
2291	6
2292	8
2293	6
2294	8
2296	8
2298	8
2300	8
2304	10
2306	10
2308	4
2311	6
2314	6
2315	7
2317	10
2318	6
2320	5
2321	4
2324	8
2325	8
2326	7
2328	6
2330	6
2335	6
2337	6
2339	8
2341	10
2342	4
2343	6
2344	8
