13	6
18	8
34	6
36	10
41	8
52	6
65	8
73	8
78	9
91	8
92	8
96	6
100	8
117	10
122	10
125	8
126	8
137	8
138	8
139	8
143	10
144	8
161	7
171	8
174	4
182	8
196	8
197	10
198	8
212	8
214	8
215	10
226	10
243	10
249	6
259	4
262	8
263	10
274	6
279	10
289	8
292	8
295	8
301	10
302	10
306	8
314	8
318	9
323	8
345	8
351	8
354	9
368	9
372	9
403	9
407	10
413	8
414	10
419	10
426	5
427	8
450	8
452	6
463	10
469	7
480	8
482	6
490	8
491	10
493	7
501	8
513	6
524	7
529	8
533	10
541	6
543	7
545	8
548	9
552	8
554	6
555	7
558	8
560	7
565	8
571	7
577	6
585	6
595	10
596	4
621	7
633	8
642	8
643	6
649	8
657	8
659	5
667	4
688	5
691	10
695	8
698	8
708	8
714	8
723	8
726	8
731	10
741	8
742	8
750	9
754	5
761	8
766	6
771	8
773	10
774	9
780	6
784	8
793	6
798	9
801	7
803	8
824	6
826	8
834	8
837	8
840	8
851	6
867	6
872	10
874	8
885	8
886	8
902	7
905	10
906	9
911	4
915	8
928	7
933	6
949	5
953	10
955	10
964	8
966	8
971	10
980	8
983	5
988	4
989	8
995	4
998	8
1025	10
1033	8
1034	6
1041	7
1045	10
1047	8
1048	6
1053	7
1060	10
1075	7
1077	7
1084	10
1101	9
1109	10
1121	8
1135	8
1139	8
1159	10
1160	8
1161	6
1174	8
1177	10
1182	8
1185	10
1191	6
1198	6
1220	10
1224	8
1230	9
1237	7
1256	8
1265	6
1270	10
1278	8
1287	10
1288	4
1294	8
1318	10
1320	8
1325	8
1327	8
1333	6
1352	10
1355	9
1361	10
1365	8
1377	10
1378	8
1384	8
1388	10
1396	6
1397	5
1401	8
1406	10
1408	10
1411	8
1417	8
1419	6
1422	8
1426	10
1431	10
1435	8
1439	7
1445	5
1449	8
1455	9
1458	6
1467	8
1474	10
1478	10
1482	4
1488	8
1496	7
1499	9
1508	10
1510	7
1515	6
1516	10
1519	10
1523	8
1530	2
1531	10
1532	7
1535	8
1536	8
1537	8
1541	8
1545	8
1547	6
1551	10
1556	6
1557	10
1558	6
1559	2
1564	9
1567	10
1572	10
1578	8
1590	9
1605	10
1610	10
1621	10
1634	7
1640	8
1645	10
1649	10
1650	8
1651	10
1655	8
1657	8
1663	7
1668	10
1680	6
1689	10
1697	9
1702	8
1709	8
1723	10
1724	4
1725	4
1741	5
1751	5
1755	7
1763	10
1771	9
1786	8
1787	5
1790	8
1796	8
1798	8
1805	7
1815	6
1816	8
1817	10
1818	9
1832	10
1834	7
1847	8
1849	9
1858	6
1860	8
1866	6
1869	8
1875	6
1876	9
1880	8
1886	10
1887	8
1888	10
1891	10
1900	10
1904	10
1906	8
1907	10
1915	6
1918	8
1922	8
1923	6
1926	9
1932	8
1937	8
1945	8
1958	6
1959	10
1963	8
1965	7
1966	8
1969	8
1973	10
1976	8
1981	8
1986	10
1988	8
2012	7
2013	10
2018	8
2023	6
2028	8
2029	6
2034	8
2039	8
2050	8
2053	8
2057	8
2063	2
2069	10
2078	10
2083	10
2084	9
2096	10
2102	8
2122	4
2127	10
2134	8
2152	8
2154	6
2156	10
2164	6
2167	6
2168	7
2191	8
2192	6
2204	8
2213	8
2218	9
2220	8
2233	8
2237	8
2255	6
2258	8
2265	5
2275	10
2276	8
2281	8
2282	5
2298	10
2299	10
2314	8
2324	8
2325	7
2326	6
2339	6
2356	7
2361	7
2385	10
2386	6
2401	10
2407	9
2424	8
2428	8
2429	8
2433	5
2434	8
2435	9
2438	10
2439	9
2448	9
2454	8
2466	10
2467	6
2475	8
2484	4
2485	8
2500	8
2502	8
2503	6
2504	8
2515	8
2522	10
2523	6
2531	9
2545	7
2554	8
2555	8
2566	10
2573	6
2574	9
2579	10
2583	8
2591	8
2596	8
2612	6
2622	8
2633	9
2643	8
2650	4
2652	8
2653	9
2654	9
2661	8
2662	6
2679	10
2680	6
2685	10
2686	8
2690	8
2692	7
2696	10
2698	6
2706	6
2709	8
2711	8
2714	7
2715	8
2717	10
2720	6
2729	10
2736	6
2747	10
2753	10
2756	10
2764	10
2765	10
2770	10
2783	8
2785	8
2796	5
2809	10
2813	7
2821	8
2823	7
2828	8
2829	8
2841	7
2852	7
2853	10
2858	8
2861	10
2862	7
2865	2
2879	6
2891	8
2892	8
2895	8
2910	8
2918	8
2919	6
2930	8
2936	6
2940	8
2942	6
2950	9
2955	8
2983	10
2988	7
2989	10
2991	8
2996	8
3001	8
3004	10
3006	9
3010	8
3014	8
3022	8
3026	10
3030	8
3039	6
3041	8
3042	8
3045	10
3048	10
3050	10
3061	10
3063	8
3067	6
3068	10
3073	8
3077	8
3084	10
3088	8
3089	10
3103	8
3104	6
3106	6
3115	8
3117	8
3119	6
3134	8
3137	10
3139	6
3144	8
3145	10
3149	4
3154	8
3163	8
3170	10
3174	9
3186	7
3189	8
3197	10
3200	8
3204	9
3209	8
3219	6
3220	8
3222	8
3228	6
3233	8
3255	8
3257	10
3264	6
3265	8
3270	9
3277	7
3280	8
3288	8
3299	7
3301	6
3311	4
3322	6
3324	8
3336	9
3339	10
3347	8
3366	6
3368	10
3391	10
3392	6
3411	10
3412	10
3420	10
3427	10
3434	8
3448	6
3475	8
3476	10
3477	6
3484	8
3488	8
3500	6
3504	8
3508	6
3510	9
3512	8
3515	8
3517	9
3519	10
3525	8
3530	8
3534	10
3538	8
3539	6
3540	7
3549	6
3555	8
3558	10
3562	10
3573	9
3579	6
3580	6
3581	8
3584	6
3592	4
3595	9
3599	9
3600	8
3611	9
3619	6
3625	10
3634	8
3635	7
3638	2
3639	9
3646	8
3652	4
3687	8
3705	8
3717	7
3721	8
3727	8
3729	10
3730	7
3734	6
3736	8
3747	10
3761	8
3771	9
3776	8
3778	9
3781	8
3783	8
3784	7
3793	7
3795	8
3805	8
3806	8
3810	10
3816	5
3817	7
3822	8
3828	10
3830	8
3840	6
3841	8
3843	4
3849	8
3853	8
3864	8
3874	8
3898	7
3917	10
3920	8
3952	8
3970	7
3972	10
3975	8
3977	8
3985	7
3986	8
3991	6
4002	6
4005	8
4007	8
4009	10
4010	10
4017	1
4019	8
4020	8
4021	8
4026	7
4033	10
4050	8
4051	8
4053	5
4056	7
4063	7
4078	6
4087	6
4090	6
4098	6
4099	7
4108	8
4112	8
4118	8
4129	7
4135	8
4140	6
4153	8
4156	8
4157	7
4169	8
4170	10
4171	8
4177	4
4182	8
4191	8
4192	10
4198	6
4216	8
4217	6
4220	10
4222	10
4226	9
4230	8
4235	6
4236	8
4241	8
4251	8
4257	8
4258	8
4259	7
4267	10
4269	9
4272	7
4273	8
4286	8
4289	8
4299	8
4302	6
4309	4
4317	7
4322	8
4327	6
4328	10
4333	10
4339	8
4359	8
4361	8
4364	6
4365	8
4368	8
4371	6
4375	7
4379	8
4381	9
4385	9
4386	8
4395	10
4396	8
4401	8
4403	10
4409	10
4432	7
4436	10
4445	8
4449	9
4456	8
4457	10
4463	9
4466	6
4471	10
4473	8
4482	8
4487	8
4494	10
4499	9
4503	6
4509	8
4510	8
4513	6
4517	5
4523	6
4525	8
4526	8
4527	7
4532	8
4534	7
4538	6
4544	8
4549	9
4552	8
4554	10
4557	8
4565	10
4568	8
4574	8
4578	8
4582	10
4587	8
4589	10
4594	6
4597	6
4598	6
4600	7
4603	6
4605	6
4606	10
4612	8
4615	5
4616	9
4619	5
4623	8
4627	10
4636	8
4640	8
4651	10
4657	8
4665	10
4671	8
4688	2
4693	8
4697	8
4702	10
4712	6
4713	10
4715	8
4719	7
4724	8
4734	8
4743	9
4747	10
4748	8
4754	9
4757	8
4766	6
4773	6
4787	7
4806	8
4814	10
4815	10
4825	10
4827	6
4842	8
4848	8
4850	7
4854	6
4856	5
4864	7
4867	8
4868	7
4883	8
4890	10
4911	10
4918	8
4924	6
4925	2
4928	8
4942	10
4950	6
4951	7
4964	8
4969	2
4973	8
4982	8
4993	8
5012	10
5014	10
5016	6
5019	9
5025	8
5027	6
5028	6
5039	8
5047	8
5052	10
5062	4
5085	7
5100	8
5103	10
5110	9
5112	8
5117	10
5118	8
5129	10
5134	10
5168	10
5174	6
5177	7
5182	8
5191	8
5192	8
5197	6
5199	10
5201	6
5203	10
5217	6
5218	6
5220	6
5226	8
5227	9
5231	8
5232	7
5235	7
5236	10
5238	10
5247	9
5262	8
5265	6
5266	9
5279	6
5280	10
5285	4
5296	8
5307	9
5321	8
5327	8
5337	8
5344	10
5353	10
5355	8
5363	6
5365	8
5389	10
5396	9
5409	8
5411	7
5414	8
5425	10
5438	10
5444	4
5446	8
5447	7
5457	8
5461	8
5465	10
5467	6
5474	8
5477	8
5483	4
5495	7
5505	4
5508	7
5510	8
5511	8
5515	8
5519	10
5525	8
5546	10
5578	10
5586	9
5592	8
5596	6
5602	9
5605	8
5608	8
5631	8
5641	10
5650	4
5658	7
5667	7
5669	10
5672	8
5678	10
5681	4
5687	9
5694	10
5711	8
5712	8
5714	6
5716	10
5719	9
5720	4
5722	7
5726	10
5737	10
5738	10
5747	7
5760	10
5774	8
5776	7
5777	8
5778	10
5779	8
5780	10
5794	10
5798	8
5802	7
5827	10
5831	2
5834	10
5835	9
5836	10
5840	9
5841	4
5843	6
5848	10
5849	4
5851	10
5855	8
5883	10
5886	10
5888	8
5889	8
5890	10
5892	8
5894	6
5913	9
5917	8
5932	7
5933	9
5935	8
5947	8
5955	10
5958	10
5963	9
5965	10
5972	9
5981	8
5993	10
6000	10
6005	4
6014	8
6018	7
6024	9
6027	10
6030	7
6031	9
6036	10
6042	10
6043	8
6045	8
6054	8
6062	8
6063	6
6070	8
6076	9
6077	8
6089	8
