7	5
8	9
18	8
35	7
36	8
37	6
47	9
56	10
65	10
70	10
82	8
117	10
125	10
126	10
137	10
138	6
143	6
144	9
149	8
155	8
162	6
170	1
171	9
179	10
182	8
190	9
192	7
195	8
198	8
210	10
212	2
215	10
216	10
226	7
234	7
245	9
249	8
254	8
259	6
262	7
272	4
273	10
276	6
279	8
280	9
289	8
292	5
295	8
296	8
298	8
303	8
304	6
307	10
318	5
320	8
324	7
325	8
335	6
347	10
348	9
354	10
358	9
359	4
368	8
376	8
389	8
390	8
396	8
402	2
407	8
417	9
419	6
426	7
431	10
434	10
438	10
444	10
450	10
452	8
459	7
463	8
465	7
469	10
476	8
480	8
481	8
482	7
493	8
497	6
503	7
508	10
516	10
524	9
529	8
533	8
535	5
543	6
546	7
552	7
554	7
555	9
558	8
561	9
571	8
572	8
603	4
608	6
622	7
627	8
633	8
639	10
640	7
644	10
658	8
659	6
660	10
683	8
688	8
704	6
714	8
723	7
742	8
746	7
754	8
761	8
772	9
783	9
784	8
786	10
788	9
793	10
798	8
801	7
805	10
815	8
820	8
833	8
834	8
851	10
865	9
867	10
874	9
891	8
902	7
910	6
915	10
922	9
928	10
936	8
937	10
983	6
985	9
988	6
993	10
998	8
1008	7
1013	6
1018	6
1021	8
1026	10
1033	10
1035	9
1045	9
1047	7
1048	9
1053	6
1065	9
1068	9
1072	5
1075	4
1085	10
1090	8
1118	8
1132	9
1137	7
1139	7
1146	7
1160	10
1169	7
1173	8
1174	9
1177	8
1178	7
1187	8
1198	6
1202	8
1203	6
1206	8
1209	8
1214	8
1224	10
1230	8
1231	8
1235	8
1236	8
1245	6
1252	8
1256	8
1262	9
1270	10
1277	10
1281	7
1287	8
1288	1
1294	8
1302	10
1304	4
1317	5
1318	8
1321	8
1326	9
1329	8
1334	4
1355	7
1360	10
1361	10
1367	9
1374	9
1377	8
1378	8
1388	10
1391	6
1392	10
1393	8
1407	9
1408	5
1413	10
1419	7
1424	10
1427	8
1433	10
1435	5
1440	10
1445	6
1460	8
1466	8
1467	7
1478	10
1479	8
1485	6
1495	10
1496	9
1499	9
1500	10
1510	8
1514	10
1522	7
1527	6
1531	8
1532	8
1537	5
1545	8
1547	8
1559	6
1567	10
1569	6
1573	7
1590	6
1611	6
1621	8
1627	9
1632	9
1639	9
1640	8
1645	9
1646	9
1651	8
1663	8
1668	9
1672	8
1691	8
1710	6
1718	10
1724	10
1727	8
1728	8
1738	10
1741	7
1749	8
1750	8
1751	8
1755	7
1771	8
1774	8
1781	9
1786	9
1787	8
1792	10
1793	8
1805	8
1818	10
1828	8
1833	8
1839	5
1840	6
1841	9
1849	8
1853	10
1854	9
1857	6
1858	8
1860	7
1861	4
1866	8
1869	2
1871	8
1888	10
1891	8
1892	6
1893	2
1903	10
1904	6
1907	7
1908	6
1910	7
1915	4
1918	9
1936	8
1937	1
1945	5
1955	5
1966	10
1973	8
1974	9
1981	8
1988	8
2006	9
2011	6
2012	9
2017	10
2018	7
2023	8
2029	2
2034	7
2044	8
2050	8
2052	9
2053	8
2059	8
2069	10
2072	10
2082	10
2083	7
2084	8
2102	9
2103	4
2108	8
2116	9
2122	6
2130	8
2135	8
2141	10
2154	9
2161	6
2168	7
2179	10
2192	10
2204	8
2214	9
2218	7
2237	10
2251	9
2255	10
2258	7
2265	8
2276	7
2277	8
2281	6
2282	6
2287	9
2291	7
2294	9
2315	7
2319	10
2324	6
2325	7
2326	6
2336	9
2339	8
2342	8
2351	8
2356	8
2361	10
2385	10
2398	9
2400	10
2401	6
2402	8
2413	10
2414	9
2424	9
2425	2
2428	8
2429	8
2433	8
2435	8
2448	8
2455	7
2461	8
2463	8
2469	7
2471	8
2480	8
2484	8
2487	8
2492	9
2500	6
2505	8
2507	6
2513	8
2515	10
2517	8
2522	8
2536	9
2542	8
2556	10
2563	9
2571	6
2573	6
2574	8
2591	10
2596	8
2597	7
2612	10
2626	5
2632	8
2633	5
2643	5
2653	8
2654	8
2657	10
2658	7
2662	5
2665	6
2672	8
2680	8
2686	9
2692	5
2696	10
2698	7
2714	7
2716	10
2723	7
2727	9
2736	6
2742	8
2747	8
2752	8
2756	4
2757	8
2765	10
2770	9
2777	7
2783	9
2784	10
2792	7
2796	7
2801	8
2810	4
2812	8
2813	10
2816	5
2818	10
2820	8
2823	10
2824	9
2829	6
2848	8
2852	8
2853	8
2857	8
2859	6
2861	10
2862	7
2863	6
2867	9
2872	10
2879	5
2890	9
2891	8
2892	8
2895	7
2896	10
2900	9
2910	8
2920	8
2930	6
2936	8
2945	8
2950	10
2952	8
2964	7
2969	9
2983	10
2989	9
2991	8
3005	9
3010	7
3015	6
3016	2
3019	10
3022	10
3027	10
3033	10
3034	6
3041	6
3046	10
3057	10
3063	6
3067	10
3068	10
3073	8
3086	8
3089	10
3091	8
3103	8
3104	8
3106	7
3110	9
3114	8
3115	6
3117	9
3119	8
3126	7
3130	6
3138	8
3144	8
3147	4
3149	4
3152	10
3159	8
3170	4
3171	9
3174	8
3180	6
3183	6
3197	7
3204	7
3207	10
3216	8
3219	8
3220	8
3222	8
3223	10
3229	10
3247	10
3259	8
3264	7
3267	7
3277	8
3279	8
3280	7
3283	9
3298	6
3299	10
3301	8
3304	5
3313	9
3324	9
3325	8
3330	8
3335	10
3336	9
3337	8
3339	10
3343	9
3368	8
3377	6
3382	10
3383	8
3384	3
3392	6
3397	7
3412	10
3417	7
3427	8
3428	6
3434	7
3435	10
3440	6
3448	8
3449	4
3458	7
3468	10
3470	5
3472	10
3476	10
3477	6
3484	8
3485	9
3488	6
3493	9
3494	7
3503	10
3504	8
3510	8
3512	8
3517	9
3525	6
3526	10
3529	10
3530	4
3538	8
3540	7
3541	6
3544	10
3546	8
3549	8
3553	10
3559	8
3573	7
3575	10
3579	8
3580	6
3583	9
3589	6
3594	8
3595	7
3599	8
3611	10
3634	8
3635	7
3639	8
3642	9
3646	8
3647	8
3664	9
3688	8
3692	8
3699	7
3700	10
3704	8
3707	6
3710	2
3717	5
3719	7
3723	10
3724	1
3736	8
3747	8
3761	6
3778	7
3781	6
3783	8
3784	8
3792	9
3793	7
3795	8
3810	6
3813	7
3817	7
3821	8
3822	9
3828	10
3830	9
3841	8
3842	8
3848	7
3849	8
3865	8
3867	7
3877	9
3881	7
3887	10
3888	8
3898	8
3908	7
3909	10
3910	7
3917	8
3920	6
3921	8
3937	10
3953	7
3961	1
3965	10
3967	8
3970	8
3977	8
3985	8
3987	7
3991	9
4012	8
4017	7
4020	8
4021	8
4022	9
4026	7
4030	8
4033	10
4050	7
4053	1
4056	9
4063	7
4078	7
4080	9
4090	9
4092	9
4099	6
4104	9
4105	9
4106	8
4113	5
4114	9
4115	10
4120	6
4129	8
4134	6
4135	8
4136	10
4147	10
4156	8
4157	7
4171	10
4176	9
4177	6
4182	6
4183	6
4187	10
4194	8
4200	2
4210	8
4213	9
4218	7
4220	8
4226	9
4229	6
4230	8
4232	8
4233	9
4234	1
4242	8
4243	9
4244	8
4257	8
4260	7
4264	8
4269	8
4272	7
4300	8
4303	2
4312	10
4317	10
4329	10
4330	7
4333	8
4335	9
4338	8
4339	6
4341	1
4352	8
4363	10
4364	8
4365	9
4368	8
4385	4
4391	10
4401	10
4403	8
4411	10
4418	6
4419	9
4426	8
4432	6
4436	8
4448	7
4449	7
4450	8
4459	6
4463	9
4473	8
4474	10
4482	7
4485	8
4487	6
4488	10
4492	5
4494	2
4499	7
4502	7
4503	9
4509	2
4510	9
4513	8
4514	9
4515	7
4520	8
4526	7
4534	8
4538	10
4539	8
4544	8
4549	7
4550	5
4552	10
4560	8
4561	8
4564	7
4572	4
4578	10
4594	7
4596	8
4605	7
4606	8
4612	8
4615	8
4616	8
4629	5
4636	10
4649	8
4650	7
4656	6
4665	8
4697	10
4703	7
4712	7
4715	8
4716	7
4719	8
4724	8
4729	7
4734	6
4743	9
4768	8
4773	10
4779	5
4783	6
4784	6
4787	7
4794	8
4795	7
4804	6
4812	9
4814	10
4817	10
4818	8
4822	8
4826	10
4827	8
4833	6
4834	9
4835	10
4841	9
4842	8
4848	10
4856	8
4867	9
4868	9
4869	7
4872	6
4884	8
4890	9
4895	9
4908	8
4917	10
4918	10
4920	8
4928	8
4939	6
4942	10
4943	8
4944	7
4951	8
4954	9
4956	8
4959	6
4964	6
4979	10
4982	10
4990	8
5008	9
5012	10
5014	9
5018	9
5028	9
5039	5
5053	8
5058	8
5061	9
5062	7
5066	9
5069	9
5070	8
5080	7
5085	6
5100	8
5104	7
5105	3
5112	6
5114	7
5118	10
5124	8
5129	8
5131	6
5134	8
5136	9
5138	8
5142	10
5143	10
5150	10
5155	10
5160	8
5164	10
5168	8
5174	8
5177	6
5182	10
5187	9
5189	9
5192	8
5196	10
5203	9
5208	6
5217	6
5220	10
5226	8
5227	8
5231	10
5232	8
5235	7
5238	10
5241	7
5252	9
5262	6
5277	8
5279	6
5280	7
5285	7
5297	8
5314	8
5315	9
5321	10
5328	5
5329	8
5339	8
5346	10
5353	9
5363	9
5367	3
5373	7
5392	8
5396	7
5399	3
5400	8
5405	9
5411	6
5412	6
5414	8
5415	6
5418	5
5422	9
5425	8
5426	7
5430	9
5434	10
5446	10
5447	7
5451	9
5459	10
5461	7
5467	8
5469	8
5474	7
5480	7
5485	10
5486	8
5495	5
5503	8
5508	9
5510	7
5511	8
5516	9
5523	10
5524	6
5526	7
5528	6
5539	8
5540	9
5546	8
5551	7
5552	5
5557	10
5564	10
5565	8
5575	8
5576	9
5586	7
5598	8
5599	10
5600	7
5602	10
5617	9
5634	5
5647	10
5650	10
5667	6
5670	8
5671	7
5678	8
5681	8
