8	9
18	9
35	7
36	8
37	10
47	10
92	8
122	10
123	10
125	10
126	6
137	10
138	8
143	8
144	8
170	8
175	10
192	8
215	8
226	10
249	10
262	6
275	8
276	4
289	8
292	8
296	8
303	7
318	10
320	10
330	10
331	10
348	9
363	9
368	7
389	8
390	8
401	8
419	10
426	7
427	9
434	8
435	9
439	10
458	6
459	7
465	6
476	6
480	8
481	9
482	8
491	8
493	8
509	10
516	9
524	9
545	9
552	10
554	5
555	9
560	10
561	6
571	7
572	9
591	10
600	9
620	10
622	10
627	10
636	8
650	10
658	8
659	6
666	3
688	10
698	8
704	10
728	10
736	10
742	9
745	10
754	6
772	8
786	10
788	7
826	8
833	8
837	7
861	10
902	9
906	8
910	8
928	5
935	10
936	7
949	8
954	10
966	8
988	8
993	10
1018	7
1027	8
1041	7
1045	8
1047	8
1048	10
1063	6
1077	9
1090	10
1118	10
1127	8
1140	8
1160	10
1169	7
1174	9
1198	8
1202	9
1224	8
1236	9
1237	8
1245	2
1252	9
1256	9
1270	10
1288	8
1293	10
1294	7
1297	10
1301	8
1302	10
1313	7
1326	8
1327	10
1336	10
1355	8
1367	8
1377	6
1388	10
1391	8
1398	8
1406	10
1407	10
1408	9
1410	8
1419	10
1435	9
1440	10
1455	9
1461	8
1466	9
1478	10
1479	8
1485	7
1488	4
1496	9
1499	8
1500	10
1508	8
1527	9
1531	10
1532	7
1536	8
1545	8
1552	8
1557	10
1562	8
1563	1
1567	8
1574	8
1581	8
1590	6
1625	8
1632	9
1634	7
1639	10
1649	10
1650	8
1652	9
1656	10
1663	9
1668	8
1674	10
1696	8
1697	8
1718	7
1724	10
1728	8
1755	7
1756	10
1771	7
1786	4
1787	8
1805	8
1817	9
1834	9
1849	8
1852	8
1854	9
1858	9
1860	6
1866	7
1869	10
1870	7
1871	8
1907	9
1908	5
1910	7
1915	8
1918	8
1936	9
1945	7
1965	6
1981	8
1987	10
1988	9
2011	5
2018	10
2034	7
2050	8
2053	7
2064	10
2069	10
2083	10
2101	8
2134	8
2162	7
2164	8
2167	6
2168	8
2178	10
2192	8
2204	8
2218	9
2233	8
2235	9
2249	10
2258	7
2265	6
2281	8
2284	8
2287	7
2291	8
2315	9
2319	8
2324	8
2326	8
2342	10
2350	6
2356	9
2385	8
2402	7
2406	10
2414	10
2418	6
2425	8
2428	9
2429	8
2433	8
2435	10
2448	8
2455	7
2469	8
2470	10
2471	9
2500	9
2505	9
2507	4
2510	9
2515	8
2517	8
2527	8
2536	7
2544	9
2545	8
2556	7
2558	7
2571	9
2573	6
2574	8
2593	10
2596	10
2603	6
2613	7
2624	6
2632	8
2643	8
2650	8
2657	8
2662	6
2679	10
2685	10
2686	7
2692	9
2698	8
2723	8
2736	8
2747	8
2752	9
2756	5
2770	10
2771	9
2783	9
2784	8
2785	7
2796	9
2802	7
2810	8
2811	10
2812	7
2813	6
2818	10
2820	9
2852	8
2853	9
2863	9
2872	8
2879	7
2883	10
2890	8
2892	9
2895	9
2910	8
2925	8
2930	10
2936	8
2950	8
2952	9
2969	8
2975	8
2988	8
2991	8
3010	10
3015	10
3022	10
3027	9
3034	8
3045	8
3057	10
3067	8
3104	5
3114	10
3119	6
3126	8
3138	4
3149	7
3154	8
3164	7
3171	9
3182	8
3183	10
3190	9
3209	8
3220	10
3221	8
3222	9
3229	8
3247	10
3259	7
3264	7
3270	8
3271	8
3277	8
3298	9
3299	9
3304	5
3313	9
3319	10
3325	7
3335	6
3336	8
3350	8
3366	8
3368	8
3369	8
3392	3
3420	10
3426	8
3427	8
3434	8
3435	10
3440	6
3448	8
3451	7
3472	10
3476	10
3484	6
3485	3
3488	9
3493	9
3510	9
3525	8
3530	9
3538	8
3541	9
3573	8
3575	9
3579	10
3581	8
3595	10
3599	9
3629	7
3635	1
3639	10
3645	10
3647	8
3664	10
3719	8
3754	10
3765	7
3778	6
3781	7
3783	8
3784	7
3793	3
3816	7
3817	8
3830	8
3835	8
3840	4
3853	9
3861	10
3865	6
3867	5
3881	3
3887	10
3901	2
3908	9
3917	10
3937	8
3970	8
3976	6
3977	10
3981	10
3985	7
3986	10
3991	10
4002	8
4010	10
4020	8
4021	7
4022	8
4026	8
4063	7
4078	7
4080	8
4081	10
4091	6
4092	7
4099	6
4102	10
4105	7
4106	10
4114	9
4119	8
4129	9
4136	9
4156	8
4157	2
4177	5
4182	6
4184	8
4195	9
4226	9
4229	8
4233	10
4242	10
4244	9
4249	10
4254	7
4258	8
4269	9
4280	10
4285	10
4322	10
4333	9
4335	6
4342	8
4347	8
4352	5
4365	8
4368	8
4373	10
4379	9
4385	8
4403	10
4409	6
4419	6
4426	10
4436	4
4449	9
4450	7
4452	8
4459	10
4463	9
4473	9
4482	8
4485	10
4487	9
4494	10
4499	7
4503	10
4511	7
4514	8
4520	10
4521	6
4527	8
4534	8
4544	6
4552	9
4558	10
4561	8
4565	8
4594	8
4598	2
4606	8
4612	7
4615	9
4623	8
4649	7
4650	7
4657	8
4697	9
4704	8
4711	6
4716	8
4739	6
4743	9
4783	6
4787	8
4800	8
4818	8
4826	6
4827	7
4834	9
4835	6
4836	9
4841	10
4856	7
4884	9
4890	10
4908	9
4916	2
4942	10
4944	10
4946	8
4993	8
5018	6
5019	9
5022	10
5038	8
5040	10
5053	7
5061	10
5062	8
5085	8
5100	7
5104	9
5110	8
5112	6
5118	8
5129	7
5131	6
5134	10
5139	10
5142	8
5168	6
5174	6
5188	9
5191	8
5208	10
5226	8
5227	8
5241	8
5247	10
5262	7
5271	5
5279	6
5280	10
5285	9
5286	10
5297	9
5329	7
5346	4
5367	8
5383	8
5396	8
5418	6
5446	9
5459	8
5469	9
5474	10
5475	10
5495	10
5503	10
5510	9
5534	10
5546	10
5586	8
5600	8
5641	4
5650	9
5660	9
5667	10
5669	9
5671	8
5678	8
5687	10
5703	9
5711	2
5714	6
5722	10
5742	8
5756	7
5759	10
5760	9
5762	10
5767	6
5779	7
5807	7
5829	4
5834	6
5835	9
5836	9
5841	10
5846	9
5857	6
5858	6
5876	9
5886	9
5890	8
5891	9
5917	8
5931	6
5933	9
5947	6
5948	10
5954	10
5955	10
5958	10
5959	9
5972	6
5978	8
6014	8
6030	7
6041	8
6043	8
6045	10
6047	7
6051	10
6063	8
6067	10
6070	6
6076	9
6096	9
6113	6
6119	9
6135	8
6144	6
6150	9
6158	8
6159	3
6161	10
6163	9
6166	8
6172	7
6173	8
6179	10
6188	9
6209	8
6223	9
6232	7
6247	9
6253	9
6272	8
6276	8
6294	8
6317	6
6323	10
6332	8
6337	6
6338	10
6340	9
6352	8
6356	8
6385	10
6393	8
6419	9
6421	10
6431	7
6443	7
6448	10
6461	7
6470	8
6471	10
6475	4
6481	8
6491	8
6498	10
6503	10
6508	7
6514	6
6532	8
6550	9
6569	10
6571	8
6577	7
6581	8
6582	10
6584	8
6601	8
6606	10
6615	7
6624	9
6625	6
6629	8
6630	9
6646	10
6662	10
6669	5
6691	8
6702	10
6709	8
6716	2
6717	8
6729	10
6754	6
6757	7
6758	6
6770	9
6776	8
6796	7
6801	10
6817	9
6834	8
6846	7
6854	9
6858	7
6873	9
6889	9
6905	8
6920	6
6925	10
6932	9
6939	6
6948	6
6949	10
6965	9
6971	8
6985	9
6986	3
7002	8
7003	8
7007	9
7030	10
7031	10
7036	10
7039	10
7054	8
7061	7
7069	1
7075	6
7076	8
7078	6
7087	10
7092	8
7109	8
7122	9
7127	8
7145	7
7181	5
7195	10
7212	7
7216	6
7227	8
7235	8
7236	9
7247	10
7251	8
7252	10
7258	8
7287	8
7291	8
7303	10
7304	7
7309	9
7315	4
7323	8
7329	9
7354	9
7356	9
7362	8
7376	9
7385	8
7393	7
7401	10
7403	10
7441	9
7457	4
7471	1
7472	8
7490	8
7493	10
7508	8
7522	8
7529	8
7534	9
7539	8
7545	9
7561	8
7566	8
7572	8
7587	9
7612	8
7618	7
7624	10
7635	8
7636	7
7640	5
7660	6
7672	7
7676	8
7678	9
7699	10
7701	7
7703	8
7704	9
7711	8
7712	10
7713	8
7717	10
7728	8
7755	8
7758	7
7768	8
7774	8
7778	8
7785	10
7786	6
7790	9
7795	8
7819	8
7820	8
7848	9
7849	7
7860	10
7864	9
7888	8
7894	8
7898	7
7902	6
7920	10
7926	8
7938	7
7970	8
7972	8
7977	4
7979	10
7986	6
7996	10
8003	8
8019	8
8020	10
8038	10
8041	7
8042	7
8048	7
8049	9
8060	10
8063	9
8081	5
8082	10
8083	9
8103	8
8109	8
8114	4
8118	8
8127	9
8136	6
8147	8
8152	6
8167	8
8168	7
8173	10
8178	10
8181	8
8195	10
8198	8
8208	8
8215	9
8232	8
8238	5
8272	10
8274	9
8275	8
8281	8
8288	5
8294	7
8319	7
8333	9
8348	4
8374	10
8375	7
8388	10
8395	1
8418	8
8447	9
8449	8
8467	10
8475	8
8476	8
8479	8
8480	8
8497	8
8504	7
8515	8
8518	9
8525	10
8530	9
8543	8
8574	6
8584	9
8604	7
8661	7
8664	6
8665	6
8666	7
8668	10
8676	4
8680	8
8683	9
8692	8
8701	8
8713	10
8737	10
8751	10
8754	8
8774	8
8784	6
8807	9
8811	8
8817	6
8826	8
8833	9
8837	8
8839	8
8852	7
8858	7
8867	8
8881	8
8888	10
8892	9
8905	7
8929	4
8943	10
8960	8
8969	6
8972	10
8973	7
8977	8
8993	9
8996	9
9048	7
9060	5
9065	9
9069	6
9076	9
9077	8
9085	8
9090	8
9100	7
9104	8
9105	8
9109	8
9126	7
9127	9
9133	8
9139	9
9140	6
9141	10
9142	9
9149	7
9151	9
9160	9
9161	9
9176	8
9177	6
9181	7
9182	7
9193	8
9195	9
9196	10
9200	8
9204	10
9212	8
9220	10
9227	8
9234	8
9243	8
9246	7
9270	8
