8	7
19	6
34	8
36	4
43	10
76	8
100	2
116	6
117	6
124	8
126	4
135	6
139	6
143	6
182	8
188	6
190	8
192	6
193	8
196	8
203	6
215	8
226	6
259	6
262	6
273	7
279	6
281	6
302	8
305	6
308	8
310	6
318	8
323	8
324	7
326	8
334	6
344	6
345	8
353	3
368	7
409	8
426	5
456	6
459	5
481	7
493	7
494	6
505	8
513	6
533	8
536	8
553	6
556	6
562	8
567	6
571	6
589	8
600	6
617	6
621	6
634	8
642	6
645	6
655	6
661	8
672	4
719	6
734	6
759	4
767	7
773	8
775	8
790	8
798	7
805	9
814	4
820	8
823	6
824	4
827	6
856	8
867	8
870	6
891	5
897	8
919	8
922	7
949	1
972	8
986	10
990	6
1050	6
1058	10
1059	6
1066	6
1094	8
1103	8
1122	6
1123	4
1129	6
1143	6
1147	6
1148	6
1171	8
1174	8
1177	6
1178	8
1199	6
1215	6
1224	8
1226	8
1242	10
1265	6
1279	4
1288	4
1302	6
1304	6
1305	2
1333	6
1373	4
1377	6
1380	8
1419	1
1433	8
1437	6
1440	4
1452	6
1466	8
1468	8
1470	6
1479	8
1480	5
1498	8
1501	6
1509	3
1532	3
1534	8
1542	8
1545	6
1570	10
1578	8
1583	4
1586	8
1594	4
1600	6
1601	6
1603	6
1618	8
1677	10
1694	6
1709	8
1711	6
1714	6
1724	6
1745	6
1755	8
1759	6
1786	5
1795	6
1807	6
1818	8
1819	6
1820	10
1835	10
1837	6
1860	4
1874	2
1875	8
1880	8
1887	8
1888	6
1895	10
1903	8
1905	6
1915	5
1927	6
1938	6
1942	6
1950	8
1962	6
1964	6
1996	8
2026	6
2034	7
2038	8
2049	6
2061	10
2062	6
2066	4
2072	6
2081	8
2093	6
2123	4
2134	4
2154	6
2160	8
2192	6
2205	7
2221	8
2227	8
2233	2
2238	5
2252	10
2261	6
2270	5
2281	7
2300	8
2304	4
2321	6
2328	6
2347	6
2387	6
2398	6
2442	6
2480	8
2488	10
2498	10
2500	8
2505	6
2507	8
2542	8
2548	4
2566	4
2596	2
2610	6
2614	6
2619	6
2634	7
2635	6
2641	8
2659	8
2667	6
2669	8
2696	10
2698	7
2708	8
2725	8
2738	6
2756	8
2764	8
2768	6
2777	8
2780	6
2784	6
2787	8
2797	10
2804	10
2817	6
2821	8
2829	6
2833	10
2853	7
2858	2
2890	7
2893	8
2906	7
2921	6
2931	8
2946	10
2965	8
2976	6
2983	10
2993	6
2998	8
3009	10
3029	6
3030	6
3034	8
3052	6
3061	4
3065	8
3067	4
3070	2
3076	10
3083	6
3085	7
3086	5
3088	4
3103	7
3108	8
3137	6
3142	8
3149	5
3152	6
3159	6
3178	6
3186	5
3189	8
3194	8
3200	6
3206	6
3210	8
3219	4
3241	6
3263	8
3265	6
3280	6
3285	8
3288	6
3292	10
3298	2
3313	6
3325	6
3332	6
3335	8
3336	7
3346	2
3351	6
3389	6
3405	8
3409	6
3427	6
3434	6
3443	6
3452	6
3459	7
3470	8
3476	6
3507	8
3512	7
3513	6
3528	10
3537	8
3550	6
3594	6
3599	6
3631	10
3633	8
3636	10
3644	10
3646	6
3668	8
3669	6
3679	6
3681	4
3695	8
3705	6
3721	6
3725	6
3756	6
3767	4
3794	6
3795	6
3798	6
3811	6
3845	6
3885	10
3891	8
3904	8
3924	8
3940	8
3949	6
3979	6
3980	6
3991	2
4002	5
4022	7
4031	6
4038	4
4054	6
4060	8
4063	8
4065	6
4069	6
4077	5
4078	6
4082	6
4130	6
4151	8
4153	5
4160	6
4170	10
4177	5
4187	6
4198	8
4210	3
4222	6
4228	8
4230	8
4233	5
4241	8
4243	8
4281	6
4295	6
4332	8
4333	8
4343	6
4383	8
4421	8
4443	4
4457	2
4460	6
4468	6
4497	8
4513	8
4514	7
4517	8
4520	7
4526	6
4528	6
4533	8
4538	5
4547	4
4549	6
4586	6
4616	7
4630	6
4651	6
4669	6
4697	8
4741	6
4748	6
4749	6
4770	6
4780	6
4783	2
4785	8
4796	3
4816	4
4823	8
4824	6
4827	6
4864	7
4867	6
4891	6
4927	8
4945	4
4954	5
4966	6
4984	10
4986	2
5012	8
5027	8
5030	6
5036	6
5044	6
5058	6
5101	6
5106	6
5110	9
5115	6
5123	10
5125	4
5134	6
5174	4
5182	9
5187	7
5192	8
5194	8
5202	6
5204	6
5224	6
5226	6
5232	6
5238	8
5244	8
5257	6
5262	6
5279	7
5282	6
5290	8
5298	4
5305	8
5316	10
5329	4
5340	6
5341	7
5355	6
5356	6
5365	8
5367	4
5369	8
5376	6
5381	4
5392	7
5415	5
5417	6
5418	5
5425	6
5446	4
5479	10
5488	8
5495	6
5509	8
5511	7
5519	8
5532	10
5571	8
5579	8
5629	6
5670	6
5678	2
5689	6
5694	6
5705	2
5707	8
5716	4
5737	2
5744	8
5747	8
5760	8
5761	8
5768	6
5779	4
5781	4
5787	8
5793	2
5795	8
5797	8
5815	8
5822	6
5837	6
5863	6
5872	4
5884	10
5889	6
5891	5
5908	6
5913	7
5917	2
5933	7
5935	6
5949	6
5963	8
5967	8
5973	6
5974	8
5984	6
5990	6
6014	7
6018	6
6042	10
6055	6
6063	4
6083	6
6118	6
6119	4
6120	6
6121	8
6122	10
6139	7
6147	6
6148	6
6150	3
6218	6
6226	8
6227	8
6232	6
6238	6
6244	7
6245	4
6260	6
6261	4
6264	8
6277	6
6287	6
6315	8
6336	8
6349	10
6354	4
6378	2
6393	7
6405	6
6408	10
6415	1
6434	6
6443	5
6470	4
6477	7
6481	5
6491	6
6497	6
6498	6
6505	2
6508	7
6511	8
6512	8
6528	4
6534	8
6550	7
6568	8
6570	7
6571	3
6582	10
6587	6
6600	5
6610	7
6611	8
6631	7
6654	4
6656	8
6696	6
6708	8
6716	10
6717	6
6736	10
6743	7
6794	2
6799	6
6809	8
6815	6
6819	6
6829	8
6836	6
6856	8
6885	8
6890	8
6905	6
6910	6
6932	6
6971	8
6984	6
6992	10
6993	7
7006	6
7068	5
7123	8
7126	5
7131	4
7134	10
7145	6
7146	6
7158	6
7161	8
7183	5
7192	8
7200	6
7216	8
7223	6
7225	4
7239	6
7252	8
7255	10
7270	6
7273	1
7282	4
7302	6
7306	7
7307	8
7317	7
7320	8
7334	2
7336	6
7371	6
7376	4
7384	6
7385	8
7390	6
7423	6
7424	6
7428	8
7442	6
7461	4
7471	5
7472	6
7473	8
7488	8
7490	6
7496	6
7498	10
7500	8
7513	8
7525	6
7532	8
7534	8
7539	8
7554	10
7559	8
7570	6
7602	6
7611	8
7612	5
7626	6
7638	6
7662	6
7681	8
7693	8
7694	5
7696	8
7698	8
7707	6
7708	4
7727	8
7742	9
7745	8
7756	6
7758	6
7766	4
7767	8
7772	2
7774	7
7795	6
7798	8
7809	8
7811	8
7844	8
7849	5
7854	10
7855	8
7856	6
7861	6
7891	8
7907	6
7931	6
7946	2
7949	8
7950	8
7958	6
7972	6
7975	8
7992	6
8022	8
8031	8
8033	8
8047	8
8048	7
8060	8
8072	8
8079	6
8118	2
8120	4
8140	8
8156	6
8169	6
8178	5
8186	7
8200	6
8202	3
8208	6
8218	6
8220	8
8249	8
8262	8
8264	8
8265	4
8303	6
8312	6
8369	6
8371	4
8375	6
8379	10
8418	6
8427	5
8430	4
8437	7
8450	6
8455	6
8474	8
8475	8
8476	7
8480	7
8484	6
8493	4
8505	6
8507	10
8519	8
8543	2
8556	8
8562	8
8610	5
8615	8
8622	6
8628	4
8636	8
8641	4
8642	8
8647	4
8656	8
8659	8
8663	8
8678	2
8683	7
8690	8
8692	5
8697	6
8701	7
8703	6
8718	6
8724	4
8733	8
8734	10
8738	4
8756	8
8762	6
8776	8
8784	4
8787	6
8791	8
8795	6
8811	4
8823	4
8826	7
8831	6
8834	6
8844	8
8852	7
8858	9
8867	7
8873	6
8882	2
8892	7
8896	6
8922	6
8926	8
8931	8
8932	8
8951	5
8952	6
8964	6
8974	8
8983	8
8987	8
8988	4
8998	6
9027	6
9035	6
9038	4
9086	6
9116	6
9117	8
9128	6
9139	6
9147	6
9149	6
9152	8
9156	8
9161	6
9162	4
9174	8
9176	6
9180	6
9181	4
9185	8
9196	6
9202	6
9212	6
9217	6
9235	6
9238	6
9258	8
9310	5
9322	6
9326	4
9330	7
9335	6
9343	6
9355	8
9389	6
9401	6
9418	6
9440	9
9452	9
9455	10
9459	6
9462	8
9467	8
9469	6
9477	10
9478	8
9488	8
9498	6
9503	3
9524	7
9532	2
9550	5
9552	6
9561	6
9575	6
9594	8
9595	6
9601	6
9605	2
9606	6
9611	10
9637	5
9661	4
9666	7
9691	10
9698	8
9712	6
9715	2
9719	6
9726	6
9729	2
9730	8
9764	6
9780	8
9806	6
9807	7
9810	8
9817	8
9821	4
9825	6
9827	7
9829	8
9836	8
9838	6
9840	10
9841	6
9847	8
9853	6
9867	8
9876	10
9878	8
9886	6
9895	10
9902	9
9904	8
9908	4
9919	9
9922	6
9924	6
9939	8
9944	6
9947	10
9952	3
9959	6
9979	6
9980	6
9981	7
9993	7
10007	6
10013	9
10036	2
10051	7
10056	6
10060	8
10065	8
10069	6
10092	10
10094	8
10107	10
10116	6
10127	4
10132	6
10162	6
10164	6
10171	4
10181	8
10189	8
10200	4
10212	10
10218	6
10222	6
10230	2
10269	4
10270	4
10276	6
10277	6
10281	9
10291	6
10365	6
10368	6
10374	8
10378	10
10383	8
10417	10
10422	6
10423	8
10427	6
10433	4
10444	7
10451	8
10453	6
10469	7
10470	8
10476	6
10477	6
10484	6
10488	4
10511	10
10516	7
10517	7
10518	8
10540	6
10576	8
10591	8
10599	8
10606	8
10617	6
10629	7
10636	6
10652	5
10665	4
10669	6
10679	6
10680	4
10684	6
10686	2
10704	8
10710	6
10759	6
10771	6
10784	4
10787	4
10791	6
10793	8
10799	9
10803	10
