35	8
44	8
47	10
51	2
87	8
122	10
125	9
129	6
137	4
143	10
144	9
198	9
201	2
212	7
215	10
245	10
259	8
261	4
266	10
272	8
276	6
280	6
289	8
296	8
330	7
331	4
386	8
397	7
400	2
426	8
451	6
458	6
465	10
476	10
480	2
485	6
487	10
493	7
502	6
533	10
545	10
552	10
554	7
555	7
573	10
621	9
651	10
657	10
659	10
666	5
681	8
688	7
718	10
745	6
798	5
814	8
817	8
826	8
837	8
865	10
948	8
949	1
957	6
967	9
971	2
972	4
1021	10
1063	8
1088	8
1090	8
1099	6
1111	8
1116	10
1121	10
1139	10
1169	10
1186	9
1208	8
1218	8
1219	8
1223	8
1231	5
1256	8
1270	10
1288	10
1294	5
1297	8
1301	6
1302	10
1306	3
1320	8
1334	10
1336	8
1355	10
1377	8
1378	4
1384	10
1391	10
1398	8
1408	9
1419	1
1424	8
1441	8
1445	3
1450	10
1451	6
1455	10
1466	9
1485	8
1488	4
1496	8
1508	8
1515	8
1541	8
1551	8
1552	10
1562	10
1574	7
1580	10
1597	8
1609	4
1617	8
1632	10
1640	7
1644	4
1649	10
1652	9
1656	9
1689	10
1746	9
1751	8
1762	8
1774	1
1777	5
1786	8
1793	6
1800	8
1805	10
1823	8
1854	9
1858	9
1861	8
1866	6
1869	10
1871	8
1876	9
1891	8
1915	9
1918	8
1926	6
1930	6
1955	10
1981	8
1988	8
2042	8
2044	10
2050	8
2096	6
2134	9
2152	10
2162	6
2167	10
2168	8
2174	8
2204	2
2220	10
2233	8
2237	6
2267	10
2281	8
2305	10
2324	9
2326	10
2330	8
2338	10
2350	4
2361	9
2365	8
2385	8
2402	4
2424	10
2426	8
2427	6
2435	10
2438	6
2469	6
2505	9
2515	9
2517	9
2521	10
2522	8
2527	9
2536	6
2542	8
2556	7
2573	10
2574	6
2580	8
2583	8
2588	8
2596	10
2601	8
2613	8
2618	8
2641	8
2643	7
2652	8
2675	10
2685	10
2714	4
2729	10
2735	7
2747	10
2752	7
2760	8
2765	4
2783	7
2784	7
2785	8
2790	10
2805	4
2810	6
2812	6
2839	8
2852	5
2853	8
2879	3
2904	6
2905	10
2987	4
2991	6
3010	10
3043	8
3044	6
3048	8
3057	9
3067	10
3086	9
3089	9
3103	9
3119	2
3148	8
3149	6
3159	4
3163	6
3164	7
3171	9
3174	5
3182	9
3207	6
3215	8
3216	10
3220	10
3244	8
3270	3
3278	8
3295	10
3296	6
3298	1
3299	9
3301	4
3304	5
3313	8
3325	6
3336	8
3377	10
3382	10
3397	5
3418	10
3434	8
3485	2
3493	9
3504	6
3509	8
3539	8
3541	7
3556	8
3573	6
3592	4
3597	4
3610	1
3613	6
3624	4
3629	9
3634	10
3635	10
3646	8
3652	6
3691	10
3706	8
3728	8
3736	7
3747	4
3748	7
3754	10
3759	8
3783	10
3784	8
3793	8
3801	6
3806	6
3810	4
3815	10
3817	8
3834	8
3841	8
3855	8
3865	4
3898	7
3906	6
3922	8
3930	10
3991	2
3994	7
4020	6
4026	8
4071	10
4081	10
4098	8
4099	6
4104	5
4105	10
4114	4
4115	5
4122	10
4129	10
4182	8
4183	8
4195	8
4198	8
4208	4
4216	10
4218	9
4220	6
4229	8
4242	9
4250	6
4257	8
4258	9
4283	8
4294	9
4310	8
4321	8
4335	6
4364	9
4368	9
4371	10
4373	10
4403	8
4404	8
4409	6
4417	8
4432	8
4436	6
4450	9
4459	7
4461	8
4462	2
4467	10
4473	9
4487	9
4497	10
4498	10
4510	8
4518	7
4520	10
4523	10
4525	10
4549	10
4565	6
4598	8
4601	9
4633	8
4651	8
4681	10
4685	10
4708	10
4715	6
4724	6
4726	2
4727	7
4739	8
4769	8
4783	10
4793	2
4795	7
4815	4
4827	8
4855	6
4872	10
4879	7
4884	7
4888	8
4954	4
4973	5
4993	10
5007	8
5028	3
5029	8
5039	8
5040	10
5057	10
5062	9
5085	1
5099	2
5100	6
5103	10
5112	10
5118	2
5129	4
5134	10
5148	10
5168	6
5174	8
5182	9
5191	4
5221	10
5234	10
5245	10
5246	10
5265	8
5266	6
5275	4
5277	4
5285	10
5296	10
5307	10
5328	3
5329	7
5351	2
5353	7
5388	6
5392	3
5403	10
5411	10
5414	8
5420	10
5445	10
5457	10
5459	9
5467	10
5480	7
5488	2
5507	9
5515	10
5525	6
5526	10
5539	7
5545	7
5546	8
5552	8
5559	10
5567	8
5578	10
5579	8
5580	1
5583	9
5584	6
5615	6
5641	8
5657	4
5678	6
5679	8
5687	8
5763	10
5779	9
5781	8
5787	10
5791	10
5798	6
5807	6
5829	8
5834	6
5836	8
5846	10
5857	6
5858	7
5867	8
5890	8
5902	10
5913	7
5917	10
5925	8
5931	8
5933	8
5945	10
5955	8
6009	10
6018	6
6022	8
6029	8
6030	5
6035	2
6036	6
6050	2
6070	6
6095	10
6099	10
6100	10
6113	2
6117	8
6154	7
6161	6
6163	7
6172	9
6214	10
6230	8
6257	10
6258	8
6275	10
6276	7
6280	8
6283	10
6290	10
6300	8
6308	7
6316	10
6317	8
6331	10
6338	6
6352	6
6357	10
6393	8
6418	6
6426	8
6431	3
6442	8
6448	2
6465	8
6477	6
6481	9
6494	6
6508	9
6562	2
6565	8
6576	8
6581	10
6610	3
6615	10
6625	7
6629	9
6644	9
6661	8
6678	7
6698	9
6730	7
6757	6
6758	10
6785	9
6796	10
6845	2
6854	6
6860	7
6869	9
6877	8
6880	9
6889	7
6893	4
6894	8
6933	6
6944	2
6948	8
6949	10
6954	8
6971	8
6982	10
6986	6
7010	10
7012	6
7036	8
7048	8
7061	10
7066	8
7075	10
7078	9
7087	10
7092	8
7099	8
7109	6
7122	9
7127	9
7144	8
7145	10
7154	10
7162	2
7165	8
7178	6
7181	10
7185	5
7204	10
7216	6
7252	8
7258	8
7303	4
7304	8
7323	7
7350	10
7353	10
7356	9
7359	8
7365	8
7380	8
7381	10
7384	6
7385	8
7393	7
7422	9
7461	8
7472	7
7477	7
7504	7
7508	2
7522	9
7534	7
7539	8
7549	10
7568	8
7587	10
7608	2
7653	2
7660	8
7681	6
7684	9
7701	8
7703	9
7707	8
7711	8
7715	7
7716	8
7727	6
7748	8
7757	10
7758	7
7765	10
7795	10
7819	9
7839	10
7840	9
7849	9
7856	10
7859	7
7863	10
7867	10
7884	8
7950	2
7977	10
7986	8
8019	10
8041	8
8042	8
8048	8
8055	10
8056	6
8082	10
8083	8
8100	10
8109	8
8114	6
8116	8
8126	8
8136	9
8141	8
8145	10
8166	9
8168	7
8177	10
8181	10
8232	6
8238	7
8274	10
8285	8
8297	10
8338	6
8348	8
8352	4
8360	9
8372	8
8375	8
8417	10
8418	10
8433	1
8447	8
8474	8
8475	10
8480	9
8508	10
8530	8
8543	8
8550	8
8597	6
8604	6
8651	9
8661	10
8666	10
8676	10
8681	6
8691	10
8699	9
8705	10
8725	8
8740	10
8761	10
8768	4
8784	4
8811	7
8823	10
8837	10
8849	8
8856	9
8858	10
8865	10
8866	10
8875	9
8877	9
8880	2
8888	8
8892	10
8904	8
8905	9
8929	6
8959	2
8960	6
8977	9
9015	10
9020	8
9021	9
9022	10
9039	9
9043	4
9053	8
9056	9
9060	8
9065	5
9084	10
9085	10
9104	4
9109	10
9110	9
9139	10
9140	2
9149	10
9175	9
9176	7
9180	8
9195	10
9209	2
9212	8
9219	8
9231	8
9246	4
9263	6
9275	9
9302	8
9310	9
9311	8
9323	10
9329	8
9330	5
9332	9
9335	6
9350	7
9355	8
9363	10
9375	4
9410	9
9424	2
9449	9
9470	9
9473	4
9492	8
9499	8
9505	8
9517	10
9522	8
9547	7
9549	6
9550	7
9554	8
9563	8
9570	6
9580	10
9595	10
9599	6
9609	8
9617	10
9625	7
9629	7
9641	8
9650	10
9666	7
9669	8
9679	9
9704	5
9706	8
9719	8
9748	9
9750	6
9760	4
9773	10
9806	4
9807	10
9827	8
9828	7
9843	10
9844	9
9868	6
9869	4
9874	2
9877	8
9892	8
9896	6
9916	7
9917	9
9926	6
9943	10
9960	6
9975	2
9988	4
9989	8
9996	8
10008	6
10014	5
10031	6
10036	9
10061	10
10073	8
10082	10
10083	8
10098	9
10109	8
10114	4
10127	6
10132	9
10135	10
10144	10
10151	10
10171	10
10176	10
10195	2
10202	10
10209	8
10240	10
10257	6
10266	9
10288	10
10324	10
10332	8
10340	8
10368	4
10374	9
10375	10
10385	8
10418	6
10420	1
10424	10
10461	8
10469	7
10479	10
10493	10
10516	9
10570	10
10595	6
10621	8
10638	10
10650	2
10667	8
10674	7
10680	3
10715	10
10738	8
10759	6
10772	7
10775	8
10777	7
10792	10
10811	8
10851	6
10858	8
10868	10
10891	10
10905	10
10917	6
10925	10
10930	8
10956	8
10962	6
10963	7
10967	10
11028	8
11031	8
11033	8
11038	9
11041	10
11050	8
11062	8
11075	8
11084	4
11086	8
11092	8
11112	2
11117	6
11118	2
11129	8
11153	8
11156	10
11157	8
11186	8
11187	8
11188	8
11202	6
11203	10
11213	8
11240	10
11261	4
11300	10
11301	6
11314	10
11318	8
11323	8
11345	8
11360	9
11383	9
11399	6
11411	8
11434	8
11447	7
11454	8
11466	9
11477	8
11478	3
11485	6
11503	10
11510	7
11514	10
11523	8
11529	6
11583	8
11606	6
11607	8
11638	9
11645	8
11681	9
11686	10
11696	4
11703	10
11735	6
11743	8
11758	8
11760	10
11775	9
11781	9
11795	8
11808	4
11837	9
11843	5
11847	10
11868	8
11869	5
11888	4
11898	7
11901	9
11929	8
11937	10
11941	8
11977	7
11989	9
11993	8
12000	10
12006	10
12011	10
12013	8
12024	9
12025	10
12040	9
12041	6
12051	8
12056	6
12075	8
12089	8
12092	10
12098	6
12110	6
12130	6
12139	8
12150	8
12156	5
12164	8
12193	7
12232	8
12237	8
12243	8
12265	7
12296	8
12305	8
12323	8
12345	2
12346	5
12352	4
12365	8
12366	10
