11	10
19	8
34	2
65	6
86	10
100	2
103	6
105	6
107	4
112	6
122	8
135	10
139	6
144	8
148	10
154	7
173	8
183	10
196	8
203	6
212	8
214	8
215	8
226	2
251	8
262	2
271	6
274	10
276	3
279	7
286	8
289	7
292	8
300	8
319	8
323	8
325	10
344	10
353	3
368	6
424	8
428	8
434	2
444	8
450	8
463	10
467	8
474	10
480	6
482	2
491	4
513	8
532	4
533	8
541	8
548	8
555	8
564	10
571	8
578	6
585	8
589	6
595	8
601	8
605	6
621	7
634	10
636	6
644	10
655	8
664	6
678	6
680	8
686	2
688	6
702	10
708	8
709	10
716	8
734	6
753	8
759	2
773	2
786	10
790	10
798	6
803	4
813	4
820	8
824	6
841	6
844	10
859	3
867	8
878	6
885	4
886	10
890	6
898	6
908	6
919	10
946	6
957	8
966	8
971	6
977	2
988	6
991	4
1026	8
1034	5
1058	6
1072	10
1109	8
1132	9
1137	6
1139	7
1143	6
1161	8
1176	6
1177	10
1178	10
1181	10
1182	6
1186	9
1190	8
1220	7
1223	4
1224	8
1227	6
1242	6
1265	8
1288	1
1300	8
1302	8
1304	4
1305	6
1327	6
1331	8
1333	6
1340	8
1352	10
1378	8
1392	2
1396	6
1405	2
1419	1
1423	6
1431	6
1433	9
1437	10
1448	10
1478	8
1482	4
1494	6
1495	10
1499	8
1504	9
1514	8
1519	8
1527	8
1529	10
1534	8
1550	8
1556	8
1567	6
1573	8
1579	8
1585	8
1596	8
1600	8
1605	8
1638	8
1640	7
1643	2
1650	8
1656	7
1668	9
1690	8
1709	4
1723	8
1725	6
1741	7
1751	7
1755	8
1763	8
1774	9
1777	8
1802	6
1811	6
1826	4
1829	10
1838	4
1846	6
1860	8
1875	10
1880	8
1887	6
1903	8
1918	8
1922	8
1934	8
1963	6
1976	6
1981	7
2002	6
2027	8
2034	6
2047	6
2050	8
2052	7
2066	6
2067	8
2081	10
2107	8
2115	6
2125	10
2127	10
2134	8
2204	8
2215	7
2224	4
2227	10
2232	10
2233	6
2237	10
2270	6
2274	6
2282	8
2300	10
2330	8
2349	8
2355	6
2361	8
2364	6
2385	8
2394	8
2401	10
2414	8
2421	6
2424	8
2428	6
2432	10
2440	9
2449	10
2450	6
2451	8
2455	7
2475	10
2484	8
2487	5
2505	7
2512	10
2515	8
2534	8
2566	8
2573	6
2596	6
2603	10
2613	8
2624	10
2638	9
2641	8
2652	8
2653	9
2661	8
2676	7
2690	10
2696	8
2703	10
2708	10
2709	4
2716	1
2729	8
2741	8
2745	6
2746	8
2765	6
2777	9
2780	6
2792	7
2799	4
2814	6
2821	8
2826	8
2841	8
2846	6
2858	6
2871	8
2879	1
2880	7
2887	6
2909	6
2911	10
2930	8
2939	8
2943	8
2950	9
2955	4
2968	4
2974	6
3001	8
3002	6
3017	8
3022	10
3030	8
3041	8
3042	8
3044	8
3046	8
3049	8
3060	8
3061	6
3063	8
3067	8
3086	7
3089	8
3119	8
3133	6
3142	4
3143	10
3144	8
3148	6
3149	4
3151	6
3163	6
3175	6
3200	4
3201	9
3209	8
3211	6
3215	6
3219	8
3220	8
3228	8
3242	10
3246	6
3255	8
3264	8
3284	6
3285	10
3288	4
3290	7
3298	6
3301	10
3335	8
3336	6
3343	7
3346	6
3355	10
3365	6
3366	10
3384	8
3426	8
3427	8
3428	6
3450	8
3462	6
3463	6
3468	10
3475	6
3483	8
3492	10
3495	8
3496	4
3507	8
3515	8
3565	8
3568	8
3573	9
3624	4
3634	8
3644	10
3646	6
3650	8
3669	4
3676	8
3680	6
3684	8
3686	10
3687	8
3693	8
3721	6
3734	6
3747	6
3777	10
3779	8
3784	8
3793	2
3810	4
3835	8
3840	8
3853	8
3873	8
3907	8
3913	10
3957	8
3958	10
3965	10
3968	6
3980	6
3983	10
4002	8
4019	6
4022	8
4033	9
4050	5
4078	8
4090	8
4095	8
4098	8
4107	4
4120	2
4129	6
4134	8
4140	6
4160	6
4162	4
4169	6
4182	10
4186	10
4204	10
4206	10
4210	5
4214	6
4217	6
4220	8
4223	6
4227	10
4251	8
4254	8
4257	8
4264	8
4285	8
4289	8
4317	9
4345	2
4358	6
4386	8
4387	9
4401	8
4409	8
4430	6
4441	6
4442	8
4458	6
4469	6
4481	8
4496	8
4508	4
4513	6
4517	10
4523	2
4524	8
4538	9
4544	8
4547	4
4548	8
4549	6
4554	6
4557	6
4559	8
4565	6
4578	6
4586	8
4590	4
4598	8
4616	10
4628	8
4641	2
4681	10
4697	8
4698	4
4702	10
4714	6
4715	7
4719	4
4729	6
4780	6
4785	10
4787	7
4789	6
4796	7
4806	4
4820	6
4823	8
4827	8
4828	10
4844	10
4850	7
4859	6
4864	9
4888	8
4902	10
4907	8
4909	10
4954	7
4963	6
4968	8
4978	6
4988	8
5003	2
5012	10
5016	8
5030	8
5039	7
5062	6
5078	8
5080	9
5085	8
5093	10
5103	8
5129	8
5134	6
5136	8
5138	4
5142	8
5182	8
5191	10
5194	6
5201	6
5202	4
5217	6
5232	6
5256	1
5262	2
5314	10
5339	8
5340	8
5341	9
5344	2
5353	6
5355	4
5361	8
5365	8
5370	10
5373	4
5390	2
5395	8
5418	4
5425	9
5436	10
5458	8
5461	8
5467	6
5477	8
5479	10
5480	9
5483	6
5488	8
5505	8
5516	3
5519	10
5524	8
5546	6
5578	6
5584	10
5604	6
5613	6
5616	4
5619	10
5641	8
5647	10
5666	6
5678	9
5686	8
5689	10
5690	6
5732	6
5745	8
5746	10
5754	6
5762	2
5766	4
5771	8
5777	6
5779	6
5792	8
5795	10
5798	8
5804	6
5811	8
5822	6
5831	8
5843	4
5847	8
5865	8
5894	6
5913	8
5927	6
5947	4
5951	8
5955	7
5964	10
5973	10
5974	6
5981	6
5983	8
5999	10
6018	7
6030	6
6054	8
6072	6
6074	8
6093	8
6119	3
6128	8
6148	10
6150	6
6163	6
6178	4
6179	8
6201	10
6218	8
6224	9
6235	8
6237	7
6239	6
6244	9
6245	6
6250	10
6251	8
6260	6
6275	7
6325	8
6336	8
6352	4
6354	6
6355	8
6365	6
6370	10
6385	2
6391	6
6393	8
6405	10
6414	10
6418	8
6426	2
6441	10
6443	7
6453	6
6477	6
6489	8
6511	8
6512	4
6535	8
6554	8
6567	10
6568	6
6573	4
6581	10
6587	8
6603	4
6604	6
6610	9
6613	6
6621	10
6633	10
6644	8
6674	6
6678	8
6684	6
6685	8
6695	8
6708	8
6717	6
6745	8
6754	10
6757	4
6761	4
6763	8
6770	8
6772	4
6774	8
6780	6
6809	6
6814	8
6816	2
6818	10
6825	8
6836	9
6840	10
6851	10
6879	10
6885	10
6886	6
6890	7
6893	9
6905	8
6909	6
6919	7
6937	10
6941	10
6959	6
6964	6
6970	6
6974	8
6976	6
6988	8
6991	4
6992	10
7001	4
7006	6
7010	8
7017	6
7026	10
7075	8
7093	6
7114	6
7123	8
7152	10
7158	10
7161	8
7163	5
7195	9
7205	9
7209	6
7212	7
7255	6
7270	8
7273	3
7302	6
7305	6
7314	8
7320	8
7337	8
7355	7
7356	5
7380	4
7384	8
7417	7
7426	8
7427	9
7434	6
7435	6
7461	10
7472	6
7476	6
7503	8
7508	6
7514	6
7527	8
7534	7
7563	10
7565	4
7568	4
7570	8
7577	6
7580	6
7585	6
7590	6
7591	7
7607	4
7608	4
7612	6
7613	6
7615	6
7645	1
7650	8
7655	5
7667	6
7678	7
7681	6
7693	10
7700	10
7707	2
7728	10
7757	7
7774	8
7778	6
7795	6
7803	8
7809	8
7819	7
7836	8
7838	8
7844	8
7856	8
7890	8
7922	6
7936	8
7946	6
7949	8
7953	2
7958	10
7969	8
7970	5
7972	6
7982	8
7989	6
7995	8
8020	10
8024	8
8031	6
8047	8
8048	5
8058	9
8060	6
8063	5
8067	8
8082	7
8083	8
8101	7
8105	8
8111	8
8115	10
8145	6
8153	9
8159	8
8173	8
8176	10
8179	8
8186	8
8198	8
8204	6
8224	7
8231	4
8238	6
8257	8
8265	8
8270	6
8272	8
8275	8
8292	6
8295	10
8297	8
8305	8
8319	6
8330	6
8338	7
8344	10
8352	7
8365	9
8371	6
8380	8
8383	4
8394	10
8411	4
8423	9
8441	8
8446	7
8474	6
8485	8
8488	6
8506	6
8508	10
8511	6
8513	10
8517	4
8519	8
8524	8
8533	6
8540	8
8556	10
8565	4
8573	9
8597	10
8623	10
8627	5
8636	8
8641	6
8651	8
8652	8
8672	4
8683	6
8697	4
8731	4
8733	8
8750	6
8765	8
8779	6
8787	8
8795	4
8800	8
8802	8
8806	2
8811	4
8816	6
8820	4
8823	4
8830	8
8842	7
8849	8
8856	3
8867	8
8874	10
8877	6
8882	4
8892	8
8896	6
8899	7
8902	8
8930	8
8934	6
8940	2
8952	6
8956	8
8959	8
8964	8
8967	9
8969	6
8983	10
8987	6
8990	10
8991	8
9009	8
9041	6
9050	6
9060	8
9064	6
9079	8
9092	7
9095	6
9109	8
9110	8
9117	6
9138	9
9139	8
9145	4
9150	6
9153	6
9160	10
9163	6
9166	8
9167	8
9170	6
9187	9
9194	10
9208	6
9212	7
9213	8
9225	6
9238	6
9243	10
9252	6
9255	9
9267	10
9274	9
9281	6
9297	7
9319	6
9355	8
9380	2
9391	8
9393	10
9396	6
9408	10
9420	6
9432	6
9442	10
9443	4
9452	8
9462	7
9467	6
9469	6
9472	6
9473	10
9503	2
9509	4
9517	8
9522	10
9524	6
9531	6
9532	4
9546	6
9548	10
9549	8
9552	4
9553	6
9554	8
9561	8
9565	8
9576	8
9584	10
9601	6
9619	8
9637	4
9645	4
9649	6
9650	8
9661	2
9666	6
9687	8
9695	4
9702	8
9708	10
9712	4
9713	6
9715	4
9719	6
9755	10
9774	8
9776	10
9807	5
9809	6
9817	6
9825	6
9835	10
9838	10
9839	6
9840	10
