8	6
10	6
24	10
30	8
34	2
36	8
38	8
41	8
44	8
52	10
53	8
57	10
61	8
64	6
65	4
73	6
96	10
97	10
104	10
112	6
115	8
119	6
120	10
122	6
123	10
125	4
126	8
137	10
139	8
143	6
154	8
155	8
157	10
173	8
175	7
182	8
194	10
196	6
198	8
200	10
209	6
210	10
214	6
215	8
216	8
229	6
249	9
251	8
253	8
259	7
263	8
267	4
270	6
272	3
275	6
289	6
292	6
296	7
297	8
300	4
302	8
310	8
318	4
327	8
333	8
345	8
347	6
348	9
351	6
352	8
354	10
356	8
383	6
386	8
393	8
399	8
400	8
411	8
414	7
419	4
424	8
426	6
434	8
440	6
444	8
450	8
452	7
459	4
461	10
462	10
465	6
482	6
484	8
485	4
489	8
493	8
500	8
501	8
513	8
516	8
533	6
543	7
554	1
558	8
560	6
565	8
571	6
573	6
575	8
576	8
577	8
585	10
595	2
597	6
601	10
604	6
617	8
633	8
636	5
642	10
649	8
650	6
657	6
658	8
659	4
662	10
667	4
672	6
678	8
680	8
695	6
704	8
707	6
714	8
716	8
721	8
723	6
731	8
741	8
742	5
745	8
757	10
761	6
765	6
767	9
773	8
780	6
784	7
786	4
788	8
796	6
797	2
798	7
803	8
809	8
812	6
817	8
821	9
823	6
830	8
831	10
838	6
840	4
843	8
863	8
867	8
874	8
886	4
887	6
891	6
900	8
902	7
905	10
914	10
918	6
932	6
936	8
945	8
957	4
964	6
972	8
977	4
983	7
1005	8
1008	5
1011	4
1020	10
1033	4
1043	8
1044	10
1045	10
1047	8
1063	8
1073	6
1074	8
1091	2
1121	7
1124	6
1125	4
1127	8
1129	8
1139	8
1143	10
1156	8
1159	8
1160	9
1161	6
1174	5
1187	6
1198	9
1207	8
1213	8
1217	10
1220	6
1224	6
1229	8
1236	5
1245	10
1247	8
1248	10
1265	8
1270	8
1274	10
1278	6
1281	8
1288	9
1292	8
1294	7
1301	6
1302	6
1304	10
1305	10
1315	10
1327	6
1331	8
1333	8
1340	8
1345	10
1347	6
1350	8
1351	6
1355	7
1377	4
1378	7
1381	10
1383	8
1388	10
1391	10
1392	5
1407	6
1408	9
1412	8
1417	4
1419	2
1421	8
1422	8
1423	2
1427	3
1433	8
1434	9
1435	8
1440	8
1441	8
1446	6
1449	6
1451	4
1454	10
1459	8
1467	1
1473	6
1478	8
1479	6
1484	8
1485	7
1492	8
1497	6
1499	6
1506	6
1515	8
1527	8
1531	6
1534	6
1536	8
1537	3
1541	6
1545	8
1549	8
1552	8
1561	8
1567	10
1571	6
1577	8
1590	8
1595	10
1596	8
1599	6
1605	6
1615	8
1616	8
1617	10
1621	7
1624	10
1625	6
1630	8
1632	7
1650	6
1651	9
1660	8
1663	7
1673	8
1686	10
1688	8
1689	10
1693	6
1704	10
1726	8
1732	8
1736	6
1737	10
1747	6
1749	10
1751	6
1752	10
1755	4
1756	8
1762	8
1765	10
1771	8
1772	10
1777	10
1786	9
1787	6
1795	10
1797	8
1814	8
1817	8
1825	6
1829	8
1845	6
1848	7
1854	8
1860	7
1864	6
1876	7
1880	8
1883	10
1886	6
1887	8
1888	8
1891	8
1904	4
1906	2
1907	6
1917	10
1918	8
1921	8
1922	6
1930	10
1939	8
1941	8
1962	6
1965	7
1981	6
1986	10
1988	6
1991	10
1992	6
2012	7
2015	10
2022	8
2026	10
2034	7
2039	8
2041	8
2044	8
2050	8
2053	6
2056	6
2070	4
2074	10
2078	10
2089	6
2090	4
2093	8
2096	8
2099	8
2102	7
2110	8
2111	8
2121	8
2122	3
2127	8
2133	10
2134	6
2140	8
2145	10
2150	6
2154	6
2157	6
2162	4
2164	6
2165	8
2174	8
2181	3
2183	10
2192	6
2204	8
2208	8
2217	8
2218	4
2231	10
2233	10
2237	10
2240	8
2243	6
2251	7
2254	8
2255	6
2258	4
2268	10
2279	10
2282	6
2290	8
2291	7
2300	10
2303	6
2304	6
2307	10
2314	4
2324	4
2325	9
2335	6
2339	6
2342	8
2350	8
2353	10
2355	8
2361	8
2376	7
2377	4
2385	10
2390	6
2391	8
2396	10
2397	8
2401	10
2403	8
2412	6
2413	10
2418	6
2419	6
2423	10
2424	10
2425	6
2428	5
2429	6
2433	6
2434	8
2435	7
2448	7
2465	8
2467	6
2468	8
2471	6
2474	8
2480	6
2484	6
2485	4
2500	8
2502	8
2505	8
2510	7
2515	10
2517	6
2522	10
2523	7
2536	8
2540	8
2550	6
2553	8
2566	8
2567	8
2574	7
2582	10
2583	4
2584	8
2586	4
2590	8
2594	6
2596	8
2599	8
2614	8
2616	8
2621	8
2624	8
2637	8
2641	8
2650	6
2652	10
2653	7
2657	7
2675	10
2683	6
2685	8
2686	7
2692	6
2698	6
2706	7
2707	10
2714	8
2720	8
2724	8
2731	8
2746	6
2753	10
2755	10
2756	8
2765	8
2769	8
2770	2
2776	8
2780	8
2785	7
2802	6
2808	8
2812	10
2813	8
2820	4
2823	8
2826	10
2828	6
2829	5
2837	10
2845	8
2847	8
2851	10
2852	5
2853	8
2862	6
2865	8
2871	10
2878	8
2879	5
2891	8
2892	8
2924	8
2927	6
2932	8
2933	6
2936	7
2938	6
2944	6
2949	8
2950	10
2955	8
2960	10
2963	10
2969	8
2977	8
2987	8
2991	8
2992	6
3001	6
3004	8
3010	7
3012	10
3019	6
3020	10
3022	8
3025	8
3030	6
3032	4
3033	8
3034	6
3040	8
3041	6
3044	8
3045	10
3048	6
3057	7
3061	6
3063	4
3067	4
3070	6
3073	8
3076	10
3081	8
3086	7
3087	6
3089	6
3103	7
3104	5
3112	8
3114	7
3115	6
3116	3
3123	6
3126	7
3129	8
3133	8
3138	9
3142	8
3147	6
3148	5
3149	4
3154	9
3159	8
3163	8
3171	7
3174	9
3175	2
3179	10
3181	6
3182	6
3185	6
3191	8
3199	4
3207	8
3219	2
3220	6
3222	7
3225	8
3227	8
3238	6
3241	6
3244	8
3253	8
3254	8
3257	8
3263	6
3264	6
3277	7
3284	6
3285	8
3297	8
3298	6
3301	6
3309	8
3313	9
3325	6
3327	10
3336	7
3337	5
3350	7
3355	10
3363	8
3364	6
3366	6
3370	10
3373	4
3382	5
3423	6
3437	6
3438	4
3440	3
3448	5
3453	10
3454	6
3461	8
3462	8
3463	7
3466	10
3476	8
3477	3
3482	6
3483	6
3485	4
3488	6
3491	2
3492	4
3496	10
3500	8
3504	8
3512	4
3517	10
3519	10
3520	8
3522	6
3523	8
3525	7
3535	6
3539	2
3540	7
3543	8
3556	10
3558	10
3562	10
3570	8
3587	6
3592	4
3594	7
3595	6
3598	6
3599	8
3620	8
3632	8
3634	8
3641	10
3646	8
3649	6
3651	10
3657	10
3664	6
3669	8
3678	6
3687	10
3691	6
3696	10
3702	6
3705	10
3706	8
3712	10
3720	8
3721	8
3722	8
3727	8
3747	6
3761	8
3762	6
3771	8
3791	6
3793	2
3795	10
3805	8
3807	6
3810	3
3817	6
3827	8
3828	6
3834	10
3849	8
3851	8
3853	7
3858	6
3865	8
3874	7
3880	8
3881	7
3896	8
3900	8
3901	6
3905	6
3912	8
3920	4
3922	8
3942	10
3976	10
3977	7
3980	8
3981	8
3988	8
3991	5
3997	10
4000	6
4007	10
4009	4
4020	8
4021	7
4023	6
4027	8
4028	10
4039	8
4043	6
4046	8
4052	2
4053	4
4063	4
4065	8
4075	6
4078	6
4092	6
4094	8
4096	10
4098	6
4104	6
4108	8
4110	10
4113	4
4114	7
4115	8
4117	8
4119	10
4129	6
4135	3
4136	7
4150	10
4153	4
4156	8
4157	7
4160	10
4163	5
4170	8
4171	6
4181	8
4182	8
4183	10
4194	6
4203	10
4213	6
4217	8
4220	8
4224	9
4226	6
4227	10
4228	6
4229	8
4230	8
4236	10
4241	6
4253	6
4256	6
4265	8
4271	6
4272	8
4278	8
4282	8
4289	8
4293	8
4297	8
4299	6
4302	6
4306	8
4308	6
4309	6
4315	6
4317	7
4333	6
4337	6
4340	2
4343	6
4350	8
4353	7
4358	10
4360	10
4365	8
4368	6
4373	8
4385	8
4395	8
4396	6
4401	7
4403	8
4404	8
4413	8
4418	6
4429	10
4430	2
4440	6
4441	6
4450	8
4454	10
4455	10
4457	6
4463	8
4474	10
4475	6
4481	4
4487	8
4491	6
4496	8
4498	6
4499	9
4500	8
4508	6
4510	6
4512	8
4513	9
4514	8
4520	9
4523	4
4526	7
4532	8
4534	7
4538	7
4549	8
4550	3
4554	8
4568	4
4580	8
4582	10
4594	4
4597	8
4602	10
4605	5
4610	8
4611	6
4612	7
4615	5
4623	6
4625	6
4641	6
4642	9
4648	6
4657	9
4660	4
4665	8
4675	10
4679	10
4685	6
4690	10
4697	7
4710	8
4712	5
4715	5
4718	10
4719	8
4724	6
4734	7
4741	8
4748	8
4751	8
4760	8
4761	10
4766	6
4776	6
4783	8
4798	10
4804	9
4814	8
4822	5
4823	8
4827	6
4834	7
4835	8
4842	4
4845	8
4861	7
4863	2
4865	10
4867	8
4869	5
4871	6
4872	6
4880	10
4884	7
4886	10
4888	10
4893	6
4907	8
4909	10
4915	6
4920	7
4924	6
4932	8
4945	10
4954	2
4961	10
4964	6
4967	8
4969	10
4975	6
4982	8
4983	5
4993	6
5005	10
5011	2
5012	8
5014	6
5018	6
5029	7
5039	5
5044	8
5052	10
5058	7
5062	6
5078	6
5098	8
5100	7
5102	10
5107	4
5108	8
5110	7
5112	8
5113	8
5118	8
5123	6
5134	8
5142	6
5146	8
5158	10
5171	4
5172	8
5174	5
5175	8
5182	8
5189	9
5191	8
5192	10
5194	8
5204	8
5207	8
5208	4
5212	8
5221	6
5225	6
5226	6
5227	8
5231	9
5232	9
5238	8
