1	10
4	10
8	5
13	4
18	2
19	4
22	4
26	6
30	8
34	6
36	8
38	7
42	6
47	8
50	6
54	8
56	3
72	8
77	6
79	6
83	6
88	8
94	8
102	6
116	8
125	6
126	5
128	4
131	2
141	2
143	4
144	2
154	7
155	8
163	2
164	10
171	10
172	6
173	6
182	8
183	4
188	6
190	4
193	6
198	8
203	6
207	2
209	6
210	6
214	8
215	8
228	6
232	6
236	8
247	8
249	8
254	3
255	6
259	7
264	6
268	8
273	6
275	6
276	2
281	8
289	5
290	8
292	4
294	6
295	10
296	5
298	10
302	6
305	4
308	10
315	10
318	8
325	9
326	8
334	6
340	6
345	2
348	7
349	6
351	2
354	9
359	2
365	8
366	10
368	6
379	8
381	10
383	1
384	8
398	6
404	6
410	8
414	5
416	8
421	6
426	4
428	6
432	2
436	6
452	8
465	7
468	6
472	8
480	8
481	7
482	7
483	10
485	2
488	6
493	6
494	8
501	6
504	6
505	6
510	6
513	2
522	4
524	7
533	6
535	6
536	6
539	2
541	4
543	6
547	6
553	2
554	4
555	8
556	2
558	4
562	8
565	8
567	8
571	5
572	6
574	8
577	4
581	2
585	4
588	10
596	6
601	6
604	4
609	10
616	7
617	6
621	2
634	4
636	7
638	6
641	6
642	8
645	6
655	10
657	6
661	6
672	2
677	8
688	1
695	6
700	2
703	6
708	10
714	8
719	8
720	8
731	8
734	6
735	6
742	8
755	6
769	6
775	10
786	4
788	8
789	6
790	6
795	6
798	5
799	8
802	8
810	6
812	8
820	2
822	6
823	6
827	6
828	10
838	2
846	6
859	4
862	8
867	8
869	6
870	6
874	3
876	8
878	2
881	6
886	6
891	5
892	6
907	6
911	4
922	8
924	6
930	8
932	6
936	5
956	2
964	6
966	1
971	8
972	8
975	6
983	5
986	6
990	4
996	8
998	7
1001	6
1005	8
1008	7
1009	6
1020	10
1026	8
1031	10
1035	6
1037	8
1040	8
1045	7
1047	7
1050	2
1054	6
1057	6
1060	8
1072	8
1075	4
1077	3
1079	10
1094	6
1102	10
1103	8
1106	3
1114	6
1123	6
1139	6
1142	2
1143	6
1147	6
1148	6
1149	6
1155	2
1156	6
1160	9
1166	6
1174	6
1177	8
1180	6
1183	6
1198	6
1199	6
1204	8
1215	6
1216	8
1226	10
1227	2
1232	8
1238	6
1245	8
1249	6
1256	1
1257	8
1261	6
1265	4
1269	4
1270	8
1278	6
1280	6
1288	6
1302	5
1303	6
1306	5
1308	6
1328	6
1333	6
1335	8
1339	4
1352	6
1355	2
1360	6
1361	10
1377	6
1380	2
1385	2
1389	10
1390	6
1392	3
1398	2
1399	8
1407	6
1409	6
1419	8
1420	6
1435	5
1437	8
1440	8
1452	8
1463	4
1467	4
1468	6
1469	5
1470	6
1471	6
1478	6
1479	5
1485	5
1486	4
1499	6
1500	6
1501	10
1510	7
1511	8
1514	4
1515	6
1517	6
1522	8
1527	5
1528	6
1529	8
1534	2
1536	2
1537	8
1542	2
1552	4
1556	6
1560	2
1570	8
1576	6
1583	2
1585	10
1590	2
1594	6
1601	6
1605	4
1632	6
1635	10
1640	6
1658	10
1663	6
1667	3
1677	8
1684	6
1685	10
1689	10
1692	6
1694	6
1699	6
1706	10
1709	2
1711	6
1714	8
1715	6
1741	4
1742	6
1743	6
1745	6
1755	4
1756	3
1759	6
1765	6
1771	8
1783	6
1786	7
1793	5
1794	7
1795	6
1799	6
1805	7
1817	6
1818	6
1819	8
1820	8
1824	2
1825	6
1835	6
1837	6
1844	4
1847	6
1848	6
1854	2
1863	6
1870	4
1873	10
1878	8
1880	2
1882	6
1885	4
1887	6
1890	6
1895	10
1905	6
1906	6
1915	6
1916	6
1918	4
1921	10
1927	6
1928	8
1938	6
1949	6
1950	8
1962	10
1965	7
1966	8
1968	6
1977	4
1979	6
1981	5
1988	6
1989	6
1990	6
1991	6
1992	8
1996	8
2007	6
2012	7
2035	6
2044	8
2046	4
2047	6
2049	8
2050	6
2052	6
2053	5
2054	6
2056	10
2064	8
2072	4
2084	6
2088	8
2095	6
2104	4
2116	5
2122	4
2123	6
2130	8
2132	10
2134	4
2142	6
2154	7
2168	6
2187	6
2194	6
2201	6
2204	8
2207	6
2216	6
2218	3
2221	6
2225	6
2226	6
2230	6
2233	4
2237	8
2246	8
2247	6
2252	8
2254	6
2263	8
2266	6
2270	4
2273	6
2275	8
2281	7
2282	5
2285	8
2288	6
2291	5
2296	6
2304	8
2315	8
2317	10
2321	8
2324	7
2325	7
2335	6
2339	8
2347	4
2364	8
2370	2
2377	4
2379	6
2385	7
2387	6
2398	8
2399	6
2402	4
2407	7
2411	6
2425	4
2429	8
2434	10
2435	7
2455	5
2457	6
2464	8
2466	8
2467	4
2468	10
2471	6
2482	6
2484	6
2487	6
2488	6
2491	4
2492	8
2498	6
2500	5
2513	7
2517	2
2523	6
2527	5
2536	3
2554	8
2555	8
2566	8
2568	7
2570	2
2573	2
2574	6
2575	6
2581	8
2584	7
2585	6
2590	10
2593	8
2596	2
2598	4
2609	8
2612	8
2613	5
2614	6
2619	8
2628	6
2629	6
2632	8
2634	7
2635	6
2641	10
2642	7
2653	5
2655	8
2659	4
2660	6
2662	5
2663	6
2667	8
2675	10
2681	8
2684	6
2686	7
2692	6
2694	6
2700	6
2701	8
2706	7
2714	6
2716	10
2718	8
2720	10
2723	3
2724	6
2725	4
2727	9
2733	8
2739	8
2754	6
2756	10
2762	8
2764	8
2765	8
2768	6
2770	1
2780	4
2783	3
2784	6
2787	6
2794	6
2796	4
2797	6
2804	6
2817	6
2821	8
2823	5
2826	4
2831	6
2844	6
2845	4
2850	6
2852	1
2853	6
2860	6
2869	10
2879	2
2890	6
2891	2
2892	9
2902	6
2908	6
2910	6
2916	8
2920	8
2921	4
2931	2
2932	4
2936	7
2941	6
2946	6
2955	6
2963	4
2964	5
2965	10
2976	4
2986	4
2989	8
2993	2
2994	6
2998	8
3001	4
3008	6
3009	6
3010	4
3016	6
3022	6
3024	10
3029	4
3030	6
3033	5
3035	10
3039	7
3040	8
3057	8
3059	6
3060	4
3061	2
3064	8
3067	6
3070	6
3073	8
3075	6
3076	6
3079	2
3082	6
3083	6
3086	4
3088	2
3089	8
3103	8
3104	7
3108	8
3110	5
3114	8
3118	8
3131	2
3133	6
3141	8
3149	2
3150	6
3154	6
3159	4
3160	8
3166	6
3170	8
3171	5
3174	6
3178	8
3180	2
3187	7
3194	6
3197	2
3200	6
3206	6
3207	8
3210	8
3211	2
3213	6
3220	8
3222	4
3227	6
3229	6
3237	6
3241	4
3252	8
3255	2
3257	4
3261	6
3265	6
3277	8
3284	6
3285	8
3292	6
3298	6
3299	8
3301	8
3304	2
3308	2
3313	9
3314	6
3315	6
3321	6
3325	6
3336	6
3339	8
3341	8
3346	8
3350	6
3354	8
3364	6
3365	2
3376	6
3385	10
3389	8
3396	4
3405	8
3410	8
3411	8
3412	4
3420	8
3422	8
3428	1
3429	5
3430	8
3434	6
3439	10
3440	1
3442	6
3444	6
3448	3
3452	10
3471	8
3477	7
3480	6
3488	6
3493	5
3496	6
3505	2
3512	3
3513	10
3515	8
3517	6
3520	6
3524	8
3525	6
3528	10
3532	8
3539	2
3540	8
3541	5
3542	6
3550	10
3563	8
3577	6
3586	6
3592	4
3594	7
3595	5
3599	8
3604	6
3605	8
3606	8
3609	8
3631	6
3635	5
3636	8
3638	8
3639	8
3643	10
3646	6
3648	8
3656	8
3664	7
3666	8
3668	2
3669	8
3674	6
3677	8
3679	6
3687	8
3694	10
3695	6
3698	8
3705	8
3711	8
3718	4
3721	8
3722	4
3727	2
3729	6
3736	6
3738	8
3747	8
3752	6
3757	6
3761	4
3767	6
3771	10
3772	6
3782	6
3783	6
3784	7
3787	4
3793	4
3794	8
3795	4
3796	8
3798	8
3805	6
3806	2
3810	5
3813	2
3817	7
3823	2
3826	10
3828	8
3830	8
3832	10
3840	2
3845	6
3847	2
3849	9
3853	9
3857	8
3860	6
3864	8
3865	7
3870	6
3879	6
3885	10
3887	6
3891	10
3893	2
3894	6
3901	4
3904	6
3917	1
3919	6
3926	6
3934	6
3935	6
3949	6
3957	4
3959	6
3976	9
3977	7
3979	6
3980	2
3983	8
3985	8
3991	3
3992	8
3994	4
4002	6
4017	1
4020	6
4022	5
4025	8
4028	6
4031	8
4033	8
4035	6
4038	4
4045	10
4050	3
4053	1
4054	6
4057	8
4060	6
4061	8
4064	6
4065	8
4069	6
4078	6
4090	10
4092	6
4099	5
4106	7
4114	5
4123	6
4129	6
4130	6
4136	5
4138	8
4143	6
4153	7
4154	10
4156	7
4157	8
4160	6
4166	6
4171	9
4177	4
4182	2
4187	4
4189	4
4191	6
4194	8
4206	6
4211	8
4219	2
4220	6
4222	6
4223	4
4225	8
4227	6
4229	4
4230	6
4243	9
4245	8
4246	6
4251	6
4264	8
4272	7
4273	7
4281	6
4292	6
4302	7
4313	8
4317	6
4332	6
4333	7
4343	6
4347	7
4348	8
4349	8
4353	6
4354	6
4357	8
4368	6
4373	6
4375	4
4377	2
4383	8
4385	7
4395	6
4401	5
4403	6
4420	4
4430	2
4437	5
4439	8
4441	2
4443	6
4444	6
4447	6
4450	7
4456	6
4460	2
4463	5
4468	6
4469	6
4475	6
4487	4
4489	8
4494	4
4495	8
4497	6
4499	7
4509	2
4513	7
4514	3
4517	6
4522	8
4523	4
4526	2
4528	6
4533	6
4534	6
4538	9
4549	6
4553	6
4554	10
4565	6
4566	6
4567	4
4578	8
4586	8
4588	8
4598	2
4601	7
4606	9
4612	10
4614	8
4615	6
4616	8
