4	6
10	8
18	7
19	6
22	2
26	6
30	10
36	8
38	8
41	10
42	8
43	10
47	9
50	8
54	6
58	6
72	8
88	8
95	6
100	1
116	8
118	4
119	6
125	5
126	5
128	8
131	6
138	3
139	4
141	6
143	4
144	6
149	3
152	8
154	6
155	8
162	7
163	6
164	6
170	4
171	9
173	10
175	8
182	10
187	8
188	6
192	4
193	6
198	8
201	8
203	8
207	6
214	6
215	8
216	10
217	8
219	6
221	10
228	6
232	6
236	8
247	10
249	7
253	8
254	7
255	8
260	6
263	8
264	6
266	4
267	6
268	10
272	5
275	6
276	5
280	10
281	6
289	6
294	6
296	8
305	8
310	10
315	10
318	7
325	9
326	8
333	10
340	6
344	8
345	8
346	10
348	6
349	8
350	6
351	6
352	10
353	2
354	10
357	8
365	8
378	6
381	10
383	2
384	6
386	8
391	6
392	6
398	8
404	6
409	6
410	10
416	8
426	3
432	6
434	10
436	6
440	7
441	6
450	4
459	5
463	7
465	5
468	6
472	6
480	4
482	6
483	8
485	10
488	10
493	8
494	6
501	8
503	8
504	8
505	6
509	9
510	8
513	8
516	7
529	6
533	8
539	2
541	6
543	7
545	6
547	6
552	6
553	2
554	5
556	6
558	6
561	8
562	10
565	7
567	6
574	8
579	8
581	10
588	6
601	10
603	8
609	6
617	8
623	6
627	8
634	6
636	7
638	8
641	6
642	10
645	6
650	4
655	8
656	10
657	5
661	8
672	6
676	10
677	8
678	8
680	10
688	2
693	10
695	6
700	6
703	8
714	9
719	8
721	10
727	10
731	10
734	8
739	6
742	8
745	8
746	6
755	6
757	10
761	8
763	6
765	6
769	8
771	6
775	8
780	8
784	5
785	8
788	9
789	6
790	8
795	6
798	7
799	6
802	8
806	6
812	8
814	6
820	6
821	10
822	6
824	6
827	6
828	10
830	8
831	10
835	8
838	3
840	6
846	6
851	10
862	8
867	6
870	6
871	2
874	9
876	6
881	8
886	4
887	8
891	5
895	8
902	7
905	10
907	6
915	10
922	9
928	6
930	8
932	6
933	6
949	7
953	10
956	2
957	2
960	4
964	9
966	1
972	10
975	8
983	7
984	10
986	8
990	6
996	6
1001	6
1004	5
1005	8
1007	8
1008	8
1013	8
1020	8
1037	8
1040	10
1045	5
1050	6
1057	8
1058	8
1060	4
1066	10
1070	8
1074	6
1077	6
1079	10
1094	10
1102	10
1103	10
1114	6
1123	6
1125	8
1129	8
1132	8
1133	4
1139	6
1142	6
1147	6
1148	6
1154	7
1156	8
1159	10
1160	10
1161	8
1166	6
1169	9
1174	7
1178	7
1180	8
1183	6
1186	9
1187	6
1191	8
1198	7
1204	10
1211	8
1215	6
1216	8
1221	6
1222	8
1224	5
1226	2
1227	8
1240	2
1242	6
1256	6
1257	6
1261	6
1265	2
1268	10
1269	6
1270	8
1278	1
1279	10
1280	6
1290	10
1294	6
1302	5
1304	4
1308	6
1326	8
1327	6
1333	8
1335	6
1336	6
1339	6
1340	8
1347	6
1350	8
1355	7
1368	6
1369	6
1377	2
1385	6
1388	4
1390	6
1392	2
1398	3
1399	10
1406	8
1408	6
1409	8
1415	6
1419	6
1422	8
1425	6
1433	8
1435	4
1437	6
1440	8
1445	7
1450	4
1452	6
1453	8
1463	6
1466	7
1467	6
1468	8
1471	6
1473	8
1474	6
1478	8
1479	8
1484	8
1485	7
1496	7
1498	10
1499	7
1505	6
1506	8
1515	5
1517	10
1527	8
1528	6
1530	8
1532	5
1536	8
1537	2
1541	4
1545	8
1560	6
1570	10
1571	8
1576	6
1582	2
1583	6
1584	8
1585	8
1590	6
1594	6
1597	8
1601	6
1616	10
1629	6
1630	10
1632	7
1635	8
1640	7
1641	6
1645	10
1651	8
1654	10
1663	7
1667	3
1668	6
1673	8
1677	8
1684	6
1689	2
1694	6
1699	10
1704	10
1706	8
1709	6
1711	8
1714	2
1715	6
1724	6
1725	6
1729	4
1735	8
1743	10
1751	6
1755	8
1759	6
1765	10
1766	10
1771	7
1774	9
1788	6
1793	4
1794	6
1795	6
1796	10
1798	9
1799	6
1805	6
1807	6
1817	10
1819	6
1820	6
1824	8
1829	6
1832	6
1841	9
1845	10
1848	8
1860	7
1861	4
1862	10
1863	6
1864	6
1870	6
1871	6
1873	10
1878	8
1880	8
1881	5
1882	6
1885	8
1886	8
1887	6
1895	6
1896	8
1904	7
1905	6
1906	6
1907	7
1916	6
1918	8
1928	8
1933	8
1938	6
1944	5
1949	6
1950	8
1952	10
1953	6
1963	8
1965	7
1968	6
1970	8
1977	4
1979	6
1981	6
1986	10
1988	5
1989	6
1991	6
1992	10
1995	10
1996	6
1999	6
2007	8
2012	7
2018	6
2020	10
2023	4
2028	4
2034	5
2035	6
2041	8
2044	10
2045	9
2046	6
2047	6
2049	6
2050	6
2053	7
2054	6
2056	10
2063	4
2066	4
2069	8
2072	6
2079	10
2088	8
2090	6
2091	6
2093	8
2095	8
2102	8
2104	6
2116	6
2122	3
2123	4
2127	6
2130	7
2134	8
2142	2
2143	8
2145	10
2154	8
2160	8
2180	8
2187	6
2194	8
2201	10
2204	8
2207	6
2214	6
2218	5
2221	6
2225	6
2226	6
2228	10
2230	8
2233	6
2237	10
2246	6
2247	6
2251	8
2252	8
2257	6
2260	6
2263	6
2265	7
2266	6
2275	6
2276	6
2281	5
2283	8
2285	8
2291	8
2296	6
2299	10
2300	6
2317	8
2321	8
2325	8
2335	8
2336	8
2339	9
2347	6
2355	6
2356	5
2368	8
2370	6
2377	4
2379	10
2385	10
2399	6
2402	5
2411	6
2424	8
2425	6
2428	5
2429	6
2434	8
2439	9
2448	7
2450	6
2455	6
2457	4
2460	2
2466	8
2470	5
2472	6
2477	10
2482	6
2483	6
2484	7
2488	6
2497	6
2498	8
2503	4
2505	7
2507	5
2517	4
2527	6
2536	7
2537	8
2552	8
2556	6
2559	6
2560	6
2566	4
2568	8
2572	6
2573	2
2575	6
2581	6
2583	4
2584	8
2585	6
2593	8
2596	2
2598	4
2604	6
2612	8
2614	8
2616	10
2619	5
2620	10
2629	6
2631	8
2634	7
2641	8
2655	8
2657	7
2659	6
2660	6
2663	6
2665	8
2667	10
2676	6
2680	8
2684	6
2686	10
2694	6
2696	9
2698	7
2700	2
2701	8
2712	8
2714	8
2716	8
2718	10
2720	8
2724	8
2725	6
2735	7
2738	6
2742	6
2744	8
2746	4
2751	10
2752	7
2754	6
2756	2
2764	8
2765	8
2768	6
2771	5
2780	6
2783	8
2787	8
2791	10
2794	10
2796	3
2797	6
2802	9
2809	8
2812	6
2813	8
2814	4
2817	8
2820	3
2821	8
2823	10
2826	10
2828	10
2831	8
2840	8
2844	8
2847	6
2850	10
2852	8
2853	6
2858	8
2860	8
2862	6
2865	4
2879	2
2890	4
2904	8
2908	8
2910	8
2911	8
2916	6
2921	6
2930	8
2931	10
2932	8
2936	6
2941	6
2944	6
2946	8
2950	10
2952	9
2955	10
2958	2
2963	6
2965	8
2969	8
2974	8
2976	6
2989	10
2993	8
2994	10
2998	8
3008	6
3009	8
3016	9
3019	4
3022	8
3024	6
3027	8
3029	8
3030	6
3033	7
3034	6
3035	8
3040	6
3041	8
3044	10
3050	10
3053	10
3057	6
3059	10
3060	6
3061	6
3064	10
3065	6
3067	2
3070	8
3073	10
3074	8
3075	8
3076	8
3079	6
3082	6
3083	8
3086	7
3088	6
3089	2
3103	7
3104	5
3108	10
3110	8
3116	4
3117	8
3118	6
3122	8
3129	6
3131	6
3133	6
3139	6
3142	10
3149	1
3150	6
3154	8
3159	6
3160	8
3163	8
3164	5
3166	6
3171	4
3174	8
3175	8
3182	7
3183	5
3185	6
3189	8
3190	5
3191	8
3194	8
3197	5
3206	4
3210	6
3213	10
3219	4
3220	7
3222	9
3227	8
3229	7
3231	6
3237	8
3241	4
3242	6
3244	8
3252	8
3257	10
3261	6
3263	6
3264	8
3265	7
3277	6
3284	6
3285	10
3292	10
3298	2
3301	9
3304	4
3308	4
3313	8
3315	6
3321	8
3325	6
3332	6
3339	10
3341	6
3350	7
3359	5
3364	10
3382	4
3385	10
3396	6
3410	6
3411	8
3422	8
3423	6
3426	6
3428	6
3430	8
3434	5
3438	6
3442	4
3443	6
3444	8
3448	7
3452	8
3462	6
3463	6
3466	8
3471	8
3477	5
3480	4
3482	6
3483	8
3484	7
3485	5
3488	6
3494	7
3504	8
3505	6
3512	10
3513	10
3515	8
3522	6
3528	10
3532	8
3537	6
3538	7
3540	10
3541	5
3544	9
3550	10
3556	10
3558	8
3562	8
3575	9
3576	8
3577	6
3586	6
3590	2
3592	4
3593	8
3594	8
3599	6
3600	1
3605	8
3606	10
3631	8
3633	6
3636	8
3638	10
3646	8
3648	8
3656	6
3664	7
3666	6
3668	2
3674	8
3687	8
3694	10
3695	8
3705	8
3711	6
3712	6
3721	8
3727	4
3729	8
3737	6
3738	8
3752	6
3756	10
3757	6
3761	4
3767	6
3771	8
3772	6
3782	6
3784	5
3786	6
3787	8
3793	3
3794	10
3795	8
3796	8
3798	4
3805	8
3810	7
3811	4
3817	6
3823	2
3826	8
3828	6
3832	10
3840	4
3845	6
3847	8
3849	6
3854	6
3857	6
3865	6
3870	8
3877	9
3879	6
3881	6
3889	5
3891	6
3894	8
3901	6
3904	6
3919	6
3924	6
3930	10
3935	6
3937	7
3940	6
3949	6
3951	4
3957	2
3959	8
3965	8
3976	8
3979	8
3980	6
3991	2
3992	10
3994	6
4007	8
4017	1
4020	6
4025	9
4031	6
4034	7
4035	8
4045	8
4048	9
4052	6
4053	1
