7	8
11	10
12	8
30	8
56	10
60	6
91	8
103	6
104	10
112	6
125	7
135	6
136	10
139	6
143	10
161	7
173	8
189	8
196	4
203	8
212	8
226	8
232	8
249	9
251	8
291	6
302	8
307	2
310	10
323	8
340	6
359	4
368	7
386	8
390	10
426	5
444	10
479	8
481	8
493	6
496	10
498	8
522	6
533	10
550	8
552	8
554	9
560	7
565	8
582	10
585	4
596	6
598	8
603	3
635	10
643	10
657	6
665	8
678	8
702	8
716	10
718	10
734	6
788	8
790	6
824	8
838	8
843	6
867	8
871	8
878	10
885	8
886	6
915	8
922	8
925	8
943	6
946	8
957	4
988	8
998	7
999	10
1018	8
1020	10
1026	10
1062	6
1065	4
1075	8
1077	9
1083	8
1088	8
1100	10
1132	10
1156	6
1161	10
1168	4
1176	6
1186	10
1234	8
1242	10
1263	10
1276	4
1287	6
1292	8
1302	10
1318	3
1324	6
1327	8
1331	8
1340	8
1355	6
1367	7
1377	8
1390	10
1392	9
1408	8
1412	8
1419	7
1431	6
1433	6
1437	6
1445	6
1469	5
1484	8
1523	10
1536	10
1537	6
1552	8
1573	8
1578	10
1581	4
1587	7
1592	8
1596	10
1632	9
1662	8
1666	10
1667	8
1680	10
1700	6
1702	8
1709	6
1724	8
1775	10
1793	6
1818	8
1836	6
1860	8
1861	6
1885	10
1902	6
1906	8
1915	8
1918	8
1921	6
1924	10
1930	8
1941	10
1955	8
1959	8
1981	9
1988	8
2002	10
2018	8
2023	6
2034	8
2052	7
2057	6
2066	6
2127	8
2152	6
2161	10
2215	7
2233	6
2237	6
2239	10
2282	5
2300	6
2304	4
2324	8
2325	9
2326	7
2379	10
2385	4
2386	1
2394	6
2424	8
2425	8
2429	8
2435	10
2450	10
2460	8
2466	6
2479	10
2484	4
2503	6
2524	8
2527	6
2536	8
2551	2
2568	8
2570	8
2572	8
2574	6
2581	8
2584	6
2588	10
2596	10
2602	6
2612	6
2637	8
2641	10
2665	10
2670	8
2675	10
2685	8
2690	8
2692	5
2714	6
2739	8
2744	8
2745	8
2746	10
2770	6
2780	10
2784	8
2805	8
2821	8
2828	6
2829	6
2842	8
2847	6
2853	8
2886	6
2904	8
2919	8
2920	8
2924	6
2930	8
2936	8
2952	9
2987	8
3010	10
3016	6
3019	6
3022	10
3030	8
3041	8
3057	7
3067	8
3089	10
3119	8
3123	10
3133	8
3163	8
3170	6
3171	7
3174	6
3182	8
3219	6
3220	8
3228	8
3244	10
3266	8
3270	7
3284	8
3285	8
3298	6
3301	5
3305	6
3311	4
3322	8
3323	2
3346	10
3347	8
3350	7
3355	8
3372	10
3380	6
3395	8
3406	6
3424	4
3440	6
3447	8
3454	6
3475	6
3476	8
3477	7
3483	10
3492	6
3524	10
3541	9
3546	9
3592	6
3634	8
3635	6
3646	8
3679	6
3709	6
3716	8
3721	8
3749	10
3754	2
3783	10
3791	10
3793	6
3795	8
3803	6
3810	8
3817	8
3840	6
3849	8
3971	8
3974	4
3980	4
3994	8
3995	8
4017	7
4019	6
4028	8
4029	8
4047	10
4078	8
4090	6
4095	8
4098	6
4108	8
4122	9
4129	9
4140	10
4146	10
4152	6
4153	8
4161	6
4177	6
4191	8
4206	10
4214	6
4223	8
4227	8
4229	8
4303	10
4317	4
4345	10
4350	10
4364	8
4377	10
4378	10
4401	8
4411	3
4461	10
4475	8
4494	6
4498	8
4513	6
4523	2
4525	6
4538	9
4583	6
4595	6
4597	10
4598	6
4612	8
4635	8
4651	8
4685	6
4688	7
4689	6
4715	9
4720	9
4728	8
4741	8
4748	10
4766	10
4783	8
4787	8
4796	8
4806	8
4816	10
4820	6
4823	8
4827	8
4834	9
4872	10
4873	10
4888	6
4907	6
4911	7
4912	9
4924	6
4962	10
4978	9
5009	8
5015	8
5016	6
5028	6
5039	9
5047	8
5058	6
5068	10
5073	10
5093	10
5138	6
5139	9
5174	6
5190	8
5191	10
5194	6
5216	10
5226	8
5231	8
5262	6
5285	7
5286	6
5290	8
5314	10
5344	6
5377	6
5381	6
5385	4
5396	8
5414	8
5425	8
5436	10
5440	8
5451	7
5469	6
5480	7
5501	10
5507	7
5539	8
5556	8
5580	8
5583	8
5604	8
5607	6
5619	10
5631	8
5646	10
5658	4
5669	9
5672	8
5678	6
5687	9
5689	6
5696	4
5711	8
5716	8
5720	6
5762	6
5767	6
5807	8
5834	8
5847	6
5855	6
5858	8
5872	8
5875	4
5903	7
5913	9
5917	4
5919	4
5925	9
5927	8
5931	10
5932	7
5939	8
5942	10
5957	8
5965	7
5971	6
5974	10
5979	8
6002	6
6043	10
6072	10
6117	7
6148	8
6154	7
6158	10
6172	8
6188	8
6191	10
6201	8
6209	7
6213	6
6244	8
6245	6
6250	10
6272	4
6276	8
6281	7
6287	8
6291	4
6325	10
6338	6
6352	5
6361	8
6371	8
6393	10
6395	6
6405	10
6410	5
6424	10
6447	10
6458	8
6465	6
6477	7
6489	6
6509	1
6511	6
6528	4
6534	8
6571	5
6580	8
6581	8
6582	9
6587	8
6593	1
6605	6
6615	9
6624	6
6651	8
6657	8
6661	8
6671	6
6676	8
6678	7
6680	7
6684	4
6685	9
6695	8
6719	4
6730	6
6743	8
6757	8
6758	7
6770	8
6776	9
6799	6
6809	8
6841	7
6845	6
6856	4
6860	8
6862	8
6879	6
6880	8
6882	8
6886	8
6893	8
6945	8
6948	8
6957	8
6967	10
6974	9
7001	8
7012	6
7040	8
7051	8
7069	5
7078	8
7081	4
7088	7
7104	10
7105	8
7127	9
7161	4
7179	10
7181	5
7207	8
7216	8
7252	8
7261	4
7263	10
7304	8
7306	4
7307	6
7313	8
7315	7
7320	8
7327	6
7341	8
7342	6
7347	6
7367	9
7374	8
7380	8
7402	8
7434	6
7447	10
7454	6
7471	2
7476	10
7508	6
7527	6
7529	7
7537	8
7555	8
7564	8
7576	8
7635	7
7655	5
7674	10
7681	8
7696	6
7706	6
7707	10
7711	8
7714	6
7727	7
7744	8
7774	8
7776	10
7795	10
7805	4
7838	10
7856	10
7873	8
7892	6
7910	10
7915	7
7936	6
7946	4
7972	8
7987	4
7993	9
8014	6
8021	8
8023	7
8031	10
8035	9
8041	6
8047	10
8048	7
8058	5
8060	8
8082	9
8083	8
8097	10
8105	8
8108	8
8120	6
8122	6
8136	8
8159	4
8162	6
8168	8
8171	10
8184	8
8186	4
8188	6
8194	5
8198	7
8213	8
8219	8
8238	6
8247	8
8260	9
8272	6
8275	10
8281	4
8298	9
8331	2
8338	6
8348	6
8352	5
8354	8
8371	4
8383	10
8395	10
8400	10
8411	10
8412	6
8426	4
8447	9
8480	6
8485	8
8488	8
8503	5
8506	8
8524	10
8544	7
8549	6
8551	4
8574	6
8631	8
8642	6
8651	9
8657	7
8661	7
8672	6
8676	10
8683	4
8684	6
8690	8
8693	10
8712	10
8734	2
8740	7
8755	5
8769	7
8787	8
8792	10
8805	4
8806	8
8808	10
8811	7
8819	6
8827	9
8837	10
8849	8
8867	8
8870	10
8875	10
8892	9
8897	8
8930	10
8932	10
8934	10
8965	6
8966	7
8969	10
8971	10
8973	9
8987	10
8991	4
9005	7
9016	8
9036	10
9039	7
9043	8
9044	6
9048	2
9050	8
9060	10
9065	6
9095	8
9117	6
9118	10
9134	8
9139	10
9158	6
9161	7
9167	8
9169	10
9181	9
9186	8
9196	5
9197	8
9208	6
9210	10
9212	10
9213	6
9219	8
9249	10
9252	6
9275	8
9327	6
9335	10
9353	8
9369	8
9383	8
9388	9
9391	10
9415	9
9443	10
9444	8
9469	8
9470	9
9498	8
9505	6
9522	10
9527	10
9531	6
9549	7
9550	9
9554	8
9561	8
9599	8
9635	8
9639	9
9644	10
9650	8
9661	9
9676	8
9682	4
9692	8
9694	8
9704	6
9706	8
9715	6
9720	7
9735	10
9750	8
9769	5
9777	10
9781	8
9807	9
9809	10
9823	10
9836	8
9844	8
9847	6
9853	6
9883	6
9889	7
9895	6
9902	7
9916	7
9921	6
9926	6
9939	8
9942	6
9962	8
9975	8
9988	4
9991	10
10013	1
10014	7
10023	4
10031	7
10036	8
10045	10
10051	6
10057	8
10062	8
10072	8
10076	6
10077	9
10091	8
10098	9
10114	10
10120	8
10128	9
10136	8
10151	8
10155	8
10157	6
10161	8
10171	8
10194	6
10199	10
10207	6
10222	8
10233	6
10235	10
10238	6
10245	7
10246	9
10257	7
10270	6
10276	7
10277	6
10292	9
10313	10
10318	9
10331	8
10335	9
10360	8
10368	4
10372	8
10374	9
10384	8
10427	8
10433	4
10435	10
10444	7
10454	6
10476	8
10495	6
10509	10
10543	7
10546	8
10558	8
10581	6
10608	9
10623	6
10628	8
10636	10
10642	10
10661	9
10669	6
10673	8
10674	7
10680	9
10695	8
10708	7
10724	8
10760	8
10770	8
10798	6
10821	7
10844	6
10846	8
10850	8
10854	6
10858	6
10869	7
10877	6
10881	8
10884	8
10907	6
10922	8
10934	8
10945	8
10963	7
10968	10
10972	7
10999	8
11032	9
11039	10
11050	7
11059	6
11060	6
11108	8
11117	10
11151	6
11157	6
11158	9
11162	8
11173	8
11185	6
11186	8
11198	8
11204	6
11243	10
11248	6
11257	8
11300	10
11323	8
11330	5
11332	2
11345	8
11347	6
11351	8
11364	10
11377	6
11378	10
11383	7
11385	10
11393	7
11407	10
11419	10
11434	9
11447	6
11463	8
11478	7
11481	6
11494	10
11505	8
11517	6
11523	8
11550	6
11562	6
11571	10
11575	10
11583	8
11585	6
11593	6
11595	8
11597	4
11606	6
11611	10
11638	9
11646	7
11663	9
11679	6
11680	8
11697	7
11703	7
11708	10
11712	7
11742	10
11743	7
11759	4
11760	8
11778	6
11779	10
11780	9
11815	7
11822	8
11825	8
11837	8
11850	2
11866	10
11889	7
11893	8
11898	10
11916	8
11924	5
11947	9
11958	6
11960	6
11963	8
11977	6
11990	7
11993	8
11994	2
12010	8
