7	8
8	7
12	6
18	8
34	2
38	7
44	4
51	10
53	8
69	6
87	8
96	6
100	2
122	4
137	6
182	6
186	6
192	7
197	7
213	10
259	8
261	6
267	5
289	6
296	7
368	7
386	8
394	10
397	8
400	4
414	10
419	10
426	7
429	8
434	8
438	8
449	8
450	4
452	6
458	6
459	4
463	8
465	7
479	8
482	8
491	10
493	6
532	8
533	10
543	7
550	4
554	8
558	8
564	2
585	6
599	8
627	8
636	6
642	10
657	8
659	8
672	6
680	6
688	5
696	4
704	6
714	7
742	9
745	8
771	2
798	5
803	8
817	8
818	10
820	7
867	6
874	9
887	10
909	7
915	6
936	8
948	8
949	8
972	8
984	6
998	9
1021	6
1025	10
1045	7
1089	10
1099	8
1116	8
1120	6
1121	6
1127	6
1131	8
1132	7
1139	9
1169	6
1174	6
1176	6
1209	8
1223	4
1270	9
1281	7
1287	6
1288	7
1294	1
1297	8
1301	6
1302	7
1305	8
1311	2
1320	8
1327	4
1333	8
1346	6
1355	6
1367	7
1377	10
1378	4
1391	8
1392	5
1398	6
1407	6
1408	9
1410	4
1412	8
1419	6
1433	4
1435	8
1440	6
1441	8
1445	4
1450	8
1479	6
1485	9
1520	6
1527	8
1541	6
1557	6
1558	1
1567	6
1589	8
1590	7
1597	6
1617	4
1621	8
1629	6
1640	7
1652	8
1654	10
1695	6
1724	8
1741	7
1745	8
1786	7
1793	7
1800	8
1805	8
1823	10
1832	4
1847	8
1854	7
1866	4
1871	8
1879	6
1886	8
1904	6
1918	7
1931	4
1981	7
1987	4
1988	8
2018	7
2044	6
2053	6
2059	9
2096	8
2106	6
2120	6
2122	6
2134	6
2146	10
2161	10
2162	6
2167	4
2174	9
2185	8
2189	8
2192	6
2198	6
2204	4
2224	8
2233	6
2250	8
2291	8
2305	8
2315	8
2338	8
2340	8
2350	4
2361	7
2365	8
2377	5
2385	4
2425	6
2427	6
2438	8
2439	6
2443	8
2467	6
2468	6
2471	9
2486	6
2500	7
2504	6
2505	7
2515	6
2517	9
2520	8
2522	4
2528	7
2534	4
2536	8
2548	8
2556	6
2596	10
2641	6
2652	8
2675	8
2686	9
2692	8
2698	7
2714	6
2720	10
2747	10
2753	5
2760	10
2777	6
2783	7
2790	6
2802	8
2812	6
2827	8
2829	9
2839	2
2852	6
2853	8
2857	4
2861	8
2863	7
2883	6
2891	7
2910	6
2920	6
2925	8
2940	6
2949	10
2973	10
2983	8
2991	8
3019	10
3021	10
3032	8
3043	8
3053	4
3061	8
3086	7
3104	7
3116	3
3145	8
3149	6
3158	8
3159	8
3163	8
3171	8
3174	8
3191	7
3203	8
3207	6
3215	8
3220	6
3221	8
3233	8
3235	8
3244	8
3245	8
3247	8
3263	8
3278	6
3295	8
3298	8
3301	4
3303	6
3304	4
3325	6
3327	8
3340	8
3350	7
3366	6
3388	8
3391	8
3392	7
3411	10
3420	10
3441	8
3476	8
3477	6
3482	10
3492	6
3493	6
3500	8
3504	6
3509	8
3517	9
3525	9
3540	7
3545	4
3556	8
3575	9
3597	6
3613	8
3634	8
3646	8
3652	8
3687	8
3691	8
3705	8
3727	8
3754	2
3755	8
3759	8
3761	7
3783	6
3791	10
3793	9
3801	6
3806	8
3810	7
3816	3
3817	7
3828	10
3840	4
3849	7
3851	8
3856	8
3864	4
3865	6
3881	4
3902	8
3915	8
3922	8
3930	10
3942	8
3956	8
3958	10
3991	8
3997	8
4009	10
4010	4
4019	8
4020	8
4034	8
4036	6
4044	8
4051	8
4056	7
4090	7
4092	5
4098	8
4105	8
4129	8
4136	8
4140	8
4153	6
4156	7
4177	5
4182	8
4187	8
4199	6
4200	6
4229	6
4233	7
4241	6
4265	8
4285	8
4328	8
4333	8
4339	9
4342	6
4347	8
4359	9
4364	3
4365	1
4368	9
4396	4
4401	7
4403	6
4404	6
4414	8
4417	6
4431	6
4436	4
4461	2
4462	4
4467	10
4471	10
4487	8
4497	8
4498	8
4501	6
4513	4
4523	4
4549	8
4564	10
4629	7
4636	9
4641	4
4642	8
4651	8
4671	4
4708	8
4712	7
4716	7
4724	6
4726	6
4739	6
4743	9
4760	10
4769	8
4783	8
4800	6
4804	4
4812	6
4816	10
4827	9
4845	6
4848	6
4849	6
4863	10
4868	8
4872	10
4882	6
4883	10
4884	4
4888	6
4911	9
4942	6
4951	6
4954	4
4959	5
4964	8
4973	8
4993	8
5001	4
5002	10
5034	6
5039	7
5052	8
5061	8
5100	6
5104	4
5112	6
5148	8
5149	4
5160	6
5168	4
5174	6
5182	4
5192	8
5201	4
5208	6
5221	8
5222	4
5238	7
5262	6
5266	4
5271	7
5275	6
5276	8
5277	10
5279	7
5280	7
5285	8
5328	5
5329	6
5363	6
5390	6
5399	5
5410	8
5414	8
5458	8
5459	7
5465	8
5467	10
5477	4
5478	2
5488	4
5489	10
5495	7
5507	8
5509	8
5525	6
5539	6
5543	4
5546	8
5557	4
5559	8
5568	6
5578	4
5579	8
5580	8
5584	8
5586	7
5590	8
5610	4
5615	4
5653	10
5657	2
5673	10
5678	8
5681	7
5700	8
5711	4
5712	7
5716	6
5722	7
5738	6
5760	7
5763	10
5767	7
5772	6
5778	10
5779	8
5787	4
5798	6
5801	8
5806	8
5807	9
5811	8
5813	8
5829	4
5836	9
5840	7
5849	8
5857	8
5858	5
5865	10
5876	8
5888	8
5908	6
5913	8
5917	8
5925	6
5931	6
5932	8
5933	8
5939	9
5945	8
5947	6
5972	7
5977	4
5993	8
6000	10
6009	6
6024	9
6039	8
6042	8
6043	10
6045	6
6050	10
6086	4
6094	6
6113	4
6115	8
6117	10
6119	7
6145	10
6150	5
6154	8
6161	6
6163	6
6168	5
6187	8
6188	8
6197	8
6209	8
6218	2
6227	9
6230	6
6239	8
6269	6
6275	5
6276	9
6290	8
6300	6
6309	8
6320	10
6331	10
6343	6
6352	8
6371	8
6374	10
6392	4
6393	8
6426	4
6494	6
6508	7
6514	2
6522	8
6526	6
6562	6
6564	8
6577	8
6581	6
6584	6
6591	8
6604	6
6615	8
6624	8
6646	6
6661	4
6669	5
6671	4
6678	8
6691	6
6715	6
6720	8
6730	8
6757	8
6758	6
6773	10
6775	4
6781	7
6800	8
6830	6
6834	9
6845	4
6858	10
6860	5
6862	10
6877	6
6880	7
6881	9
6902	2
6915	6
6948	6
6963	6
6977	9
6982	8
6986	8
6989	8
6994	3
7012	9
7017	6
7018	8
7040	7
7047	8
7061	9
7069	5
7075	8
7076	7
7078	7
7081	10
7088	8
7090	8
7091	8
7122	9
7135	8
7140	8
7145	10
7156	8
7165	10
7181	6
7185	10
7196	6
7202	8
7204	5
7205	6
7210	8
7216	6
7225	2
7226	6
7230	4
7246	10
7252	8
7257	8
7282	7
7304	7
7315	8
7323	6
7329	8
7341	8
7355	8
7359	10
7365	10
7384	6
7393	7
7415	10
7416	10
7417	8
7420	2
7426	8
7456	6
7461	8
7465	8
7471	5
7472	1
7490	9
7505	9
7522	7
7534	6
7539	8
7566	6
7568	6
7586	8
7587	6
7618	9
7633	8
7634	8
7644	7
7654	6
7676	6
7677	7
7703	8
7707	6
7711	8
7717	7
7727	8
7728	8
7748	6
7751	10
7757	10
7758	10
7764	6
7765	8
7774	7
7795	10
7838	8
7840	8
7852	8
7856	10
7863	7
7867	8
7876	7
7884	6
7893	9
7901	2
7902	6
7906	9
7909	2
7915	9
7919	8
7937	10
7943	7
7954	8
7972	4
7977	8
7979	6
7986	7
7991	6
7996	6
8025	8
8039	4
8041	9
8042	8
8048	8
8060	10
8070	6
8074	10
8078	4
8082	8
8097	8
8103	7
8108	3
8109	7
8114	8
8117	9
8140	8
8145	8
8148	9
8152	8
8158	9
8167	6
8173	8
8207	6
8208	4
8213	8
8232	4
8237	6
8238	6
8245	6
8247	7
8270	10
8273	8
8275	9
8279	6
8285	4
8292	2
8297	10
8301	6
8331	6
8346	8
8352	7
8357	6
8372	8
8375	8
8391	6
8395	8
8401	8
8406	8
8411	4
8418	10
8467	8
8474	8
8475	6
8476	8
8490	5
8508	8
8517	9
8524	6
8528	7
8566	4
8597	4
8604	7
8636	8
8641	7
8651	8
8657	9
8661	8
8666	8
8672	6
8676	10
8682	9
8683	5
8687	8
8698	6
8711	10
8725	6
8733	4
8739	8
8740	8
8746	6
8756	6
8788	7
8796	10
8797	2
8811	8
8817	6
8821	8
8823	6
8826	8
8836	8
8837	7
8849	4
8856	6
8859	8
8865	6
8867	6
8874	8
8875	8
8881	8
8888	8
8892	9
8916	6
8918	8
8929	6
8947	8
8959	6
8960	10
8970	8
8973	3
8977	7
8991	8
8996	7
8999	10
9022	4
9025	6
9029	9
9039	8
9043	10
9052	8
9053	6
9060	8
9065	4
9076	6
9084	2
9126	7
9139	9
9148	6
9149	8
9160	8
9161	8
9166	4
9167	4
9179	6
9180	6
9182	8
9193	6
9196	7
9220	8
9231	8
9237	2
9246	6
9259	4
9260	6
9284	8
9286	7
9290	8
9302	8
9310	6
9315	8
9335	4
9350	8
9353	9
9355	4
9359	7
9369	2
9375	7
9383	4
9391	10
9405	8
9415	3
9429	6
9434	9
9439	5
9440	8
9453	6
9462	8
9469	6
9470	7
9473	8
9491	4
9505	8
9517	8
9531	8
9547	8
9550	7
9554	8
9563	9
9570	10
9595	7
9599	8
9601	6
9625	8
9635	8
9636	7
9643	8
9644	8
9650	6
9662	8
9665	6
9666	7
9670	7
9685	8
9691	6
9719	6
9720	9
9724	9
9727	10
9741	2
9747	10
9748	9
9750	6
9772	10
9773	6
9787	8
9806	4
9810	5
9819	9
9823	8
9827	10
9856	6
9868	4
9874	6
9877	7
9896	10
9922	4
9926	8
9944	7
9960	8
9961	6
9973	9
9978	6
9988	6
9989	8
9990	2
10005	8
10051	6
10057	9
10072	6
10073	6
10082	10
10083	8
10094	8
10098	9
10100	6
10112	9
10114	4
