3	4
8	4
11	6
18	8
30	6
34	4
35	4
36	8
38	10
57	10
88	10
125	8
126	3
139	8
144	7
160	6
174	8
175	6
182	6
196	8
203	6
213	6
214	6
215	8
226	6
229	8
265	10
267	4
276	3
296	6
310	6
314	6
318	4
334	6
348	7
368	7
386	8
419	4
426	7
433	6
434	6
438	8
444	6
451	4
452	7
459	4
463	4
465	6
476	6
481	8
493	7
496	10
497	4
541	6
543	9
571	3
572	6
583	7
600	8
616	7
621	7
633	2
634	8
644	10
650	4
679	6
683	7
688	4
691	8
704	8
716	4
739	10
742	6
759	8
765	10
771	6
786	8
788	7
794	6
798	7
815	8
818	4
826	7
844	6
847	8
856	6
863	6
886	8
890	8
891	6
919	10
935	8
954	8
966	5
971	8
1005	6
1020	10
1026	6
1072	9
1075	6
1084	8
1132	7
1139	4
1143	10
1174	8
1178	10
1189	6
1206	8
1224	8
1245	8
1265	8
1270	7
1271	6
1288	9
1296	8
1302	5
1305	8
1312	4
1315	10
1333	6
1336	6
1342	5
1350	6
1354	2
1367	7
1377	10
1391	8
1392	5
1406	8
1407	6
1408	5
1413	6
1419	2
1423	6
1427	7
1431	10
1433	8
1435	5
1440	8
1466	6
1479	6
1485	6
1516	8
1524	2
1527	10
1545	8
1569	4
1578	2
1590	6
1638	8
1667	4
1689	6
1697	8
1709	8
1712	4
1741	5
1746	4
1755	4
1763	2
1771	8
1774	6
1846	6
1854	8
1858	7
1860	8
1861	6
1870	7
1880	10
1883	8
1887	8
1891	10
1908	6
1915	8
1918	6
1919	7
1921	8
1962	8
1966	9
1977	9
1981	7
1988	6
1992	8
2012	8
2018	5
2034	7
2044	2
2053	6
2056	8
2094	7
2102	7
2122	3
2130	6
2134	8
2150	6
2154	10
2160	8
2165	6
2167	4
2168	5
2182	7
2192	8
2196	2
2198	4
2204	6
2215	6
2218	7
2233	4
2237	10
2254	6
2281	5
2291	7
2300	10
2304	6
2322	10
2325	7
2333	8
2339	6
2342	7
2350	6
2361	7
2364	6
2368	7
2385	6
2402	5
2404	8
2421	4
2424	4
2429	7
2435	8
2443	8
2467	6
2470	6
2480	8
2500	6
2505	6
2513	8
2517	4
2528	3
2534	6
2536	6
2540	6
2548	6
2566	4
2583	4
2602	6
2619	7
2623	8
2624	10
2632	6
2637	10
2641	10
2649	2
2661	6
2662	5
2675	8
2686	7
2689	6
2692	6
2696	8
2698	7
2709	6
2714	8
2723	5
2724	6
2729	8
2745	8
2747	4
2756	3
2765	6
2784	7
2796	5
2810	4
2812	5
2821	6
2822	6
2829	6
2847	8
2852	8
2853	7
2858	6
2872	4
2875	10
2880	6
2889	6
2891	7
2892	9
2920	8
2930	5
2936	4
2952	4
2958	8
2963	6
2980	6
2983	10
2987	8
2992	5
3010	5
3022	8
3030	6
3034	8
3050	8
3057	8
3061	4
3067	6
3068	8
3086	6
3099	8
3101	8
3103	6
3105	6
3106	7
3115	6
3119	4
3149	4
3152	10
3154	6
3157	6
3163	6
3164	4
3171	7
3180	6
3197	1
3198	8
3200	6
3201	8
3209	6
3219	4
3220	8
3221	10
3227	8
3263	8
3264	6
3265	6
3274	8
3277	6
3279	6
3285	8
3298	7
3299	7
3301	6
3309	6
3313	7
3317	8
3325	6
3336	5
3340	9
3350	6
3366	6
3426	8
3434	6
3440	3
3450	9
3462	8
3485	6
3495	7
3521	2
3523	10
3526	7
3539	4
3570	10
3592	4
3594	8
3595	6
3635	5
3641	6
3646	5
3652	4
3681	4
3687	6
3691	6
3698	10
3699	4
3713	8
3721	6
3723	6
3740	8
3761	5
3765	2
3771	10
3783	5
3784	3
3792	2
3797	7
3804	6
3810	1
3813	3
3817	6
3829	8
3840	4
3849	5
3855	6
3864	6
3865	9
3867	5
3880	8
3896	6
3941	6
3976	10
3977	7
3985	7
3986	4
3991	1
4007	8
4020	8
4022	6
4040	4
4043	2
4051	4
4078	6
4092	6
4099	5
4114	8
4118	8
4129	5
4136	10
4140	4
4156	8
4157	8
4177	6
4182	4
4191	6
4192	8
4220	6
4229	4
4233	7
4235	4
4251	6
4257	2
4263	6
4269	8
4272	6
4289	6
4323	5
4333	7
4337	6
4347	8
4350	10
4353	8
4359	7
4364	8
4368	2
4373	4
4375	4
4387	5
4396	4
4403	6
4413	6
4436	4
4457	4
4459	8
4469	6
4471	6
4475	8
4487	4
4496	6
4508	6
4513	8
4514	7
4520	8
4526	4
4534	6
4538	7
4550	4
4554	10
4565	8
4578	6
4586	6
4598	10
4610	10
4612	4
4616	10
4623	7
4635	6
4657	7
4658	10
4660	2
4698	4
4724	6
4747	8
4748	10
4769	6
4774	10
4783	2
4785	8
4786	2
4787	8
4800	6
4804	8
4817	8
4818	8
4827	5
4828	2
4834	5
4856	4
4864	7
4867	8
4880	10
4907	8
4919	8
4923	8
4924	4
4934	3
4942	8
4945	10
4951	4
4954	6
4958	6
4964	6
4982	8
5012	8
5018	5
5029	4
5030	8
5032	9
5036	4
5039	5
5044	8
5052	8
5061	4
5074	8
5085	6
5100	4
5103	6
5104	5
5107	4
5110	10
5112	2
5118	6
5123	8
5129	8
5134	6
5136	8
5153	8
5165	3
5168	4
5171	10
5174	3
5182	8
5187	4
5189	8
5191	10
5192	8
5202	10
5208	6
5217	8
5226	4
5227	7
5231	8
5247	2
5262	4
5265	8
5266	5
5275	8
5280	4
5283	6
5300	6
5329	5
5337	8
5339	7
5346	8
5351	6
5355	7
5365	6
5367	4
5392	4
5411	6
5415	1
5418	5
5425	4
5447	9
5456	8
5457	6
5459	7
5461	6
5479	8
5488	6
5490	6
5495	7
5510	1
5511	6
5513	10
5525	8
5537	2
5545	5
5557	8
5579	10
5622	4
5631	4
5634	2
5641	4
5658	6
5661	8
5666	5
5667	4
5678	8
5700	4
5711	9
5716	8
5720	2
5722	5
5741	6
5744	10
5747	8
5760	6
5762	6
5787	6
5794	10
5798	6
5801	6
5807	3
5829	4
5834	6
5836	9
5840	5
5841	5
5843	8
5858	4
5860	8
5884	6
5889	10
5890	5
5913	8
5917	6
5919	6
5921	6
5925	5
5939	7
5940	7
5946	4
5947	6
5954	6
5964	5
5970	10
5971	6
5978	4
6009	8
6014	6
6018	3
6042	6
6043	8
6062	8
6067	6
6076	2
6094	4
6103	4
6108	6
6113	8
6117	3
6119	6
6123	4
6124	7
6128	6
6148	8
6150	7
6160	8
6161	8
6163	5
6172	7
6178	6
6197	4
6209	6
6214	10
6226	8
6227	7
6232	9
6245	4
6250	4
6260	10
6261	6
6264	7
6273	4
6276	5
6283	8
6285	5
6317	7
6319	6
6330	6
6331	4
6343	4
6344	4
6352	2
6370	6
6377	9
6382	8
6387	10
6393	6
6408	8
6416	8
6418	6
6423	10
6424	8
6426	7
6441	8
6443	5
6446	8
6447	10
6448	7
6457	7
6477	7
6484	8
6491	6
6498	7
6508	6
6512	10
6532	8
6539	9
6540	2
6550	6
6562	10
6567	6
6568	8
6571	5
6581	8
6582	8
6587	6
6590	7
6610	8
6614	8
6624	4
6629	7
6634	6
6649	7
6656	10
6661	4
6664	8
6671	6
6673	8
6678	6
6685	3
6696	8
6709	7
6716	10
6717	6
6719	6
6743	7
6745	4
6757	6
6772	6
6774	8
6810	10
6812	10
6814	8
6819	6
6836	6
6851	8
6856	8
6860	6
6905	8
6909	4
6923	4
6932	7
6933	6
6948	2
6949	8
6953	4
6971	8
6976	6
6980	10
6988	4
6992	7
7001	8
7006	8
7012	7
7035	7
7036	7
7040	2
7046	10
7061	5
7069	5
7078	5
7080	10
7081	6
7092	7
7104	10
7109	6
7114	8
7126	6
7127	5
7134	4
7145	6
7161	8
7164	4
7181	1
7185	8
7195	4
7214	8
7216	6
7217	5
7218	5
7222	7
7225	8
7237	2
7240	8
7241	6
7245	6
7246	8
7247	4
7252	6
7270	5
7282	5
7287	8
7291	10
7302	4
7304	3
7305	6
7312	10
7313	2
7314	4
7317	9
7319	8
7321	6
7350	8
7356	6
7376	5
7380	6
7384	6
7385	8
7390	6
7396	4
7410	7
7411	8
7414	6
7434	8
7435	8
7459	5
7471	8
7487	8
7490	5
7494	8
7498	10
7503	8
7507	10
7508	8
7527	8
7532	8
7534	7
7543	10
7554	8
7570	6
7591	6
7595	8
7599	6
7612	5
7624	1
7640	8
7643	10
7652	4
7658	8
7681	2
7683	5
7693	8
7696	10
7707	10
7708	6
7717	10
7736	4
7742	7
7744	6
7757	7
7763	7
7769	6
7774	7
7786	7
7795	8
7809	6
7819	6
7832	8
7840	9
7848	6
7849	7
7867	4
7869	6
7870	9
7894	6
7920	8
7946	6
7949	8
7954	4
7958	8
7961	4
7972	6
7974	4
7989	6
7995	10
7996	4
7997	8
8018	8
8026	6
8033	8
8047	10
8048	6
8050	6
8060	8
8063	8
8066	6
8067	6
8073	2
8082	6
8083	5
8085	8
8100	4
8102	10
8111	7
8114	4
8121	6
8127	4
8134	10
8136	6
8140	4
8142	9
8145	4
8151	10
8152	4
8153	7
8156	8
8159	6
8173	6
8186	5
8208	7
8224	7
8232	8
8238	5
8240	6
8257	6
8264	6
8272	6
8275	8
8292	4
8294	6
8297	6
8323	6
8330	6
8338	8
8341	10
8344	6
8357	8
8384	4
8388	6
8395	6
8405	6
8423	4
8427	4
8430	4
8432	8
8449	6
8452	8
8467	6
8474	8
8475	8
8476	8
8511	6
8514	4
8528	8
8530	1
8566	2
8573	9
8593	3
8597	6
8604	6
8615	8
8617	8
8621	7
8624	2
8627	4
8631	6
8635	8
8641	5
8642	7
8645	6
8646	10
8651	4
8665	6
8666	4
8672	8
8676	4
8681	6
8690	8
8697	8
8733	8
8734	6
8737	6
8747	8
8779	10
8784	2
8785	8
8787	5
8788	9
8801	6
8805	8
8811	6
8817	7
8820	6
8843	8
8851	7
8852	5
8856	6
8864	8
8867	6
8877	7
8881	4
