8	7
19	8
36	8
43	6
88	8
94	6
96	8
100	1
117	9
122	8
124	4
126	7
143	10
182	8
186	4
192	5
193	4
203	8
214	6
226	10
253	4
259	4
276	4
279	9
289	2
295	8
298	8
302	10
305	8
323	10
333	4
334	4
340	6
353	5
358	7
365	8
368	8
419	4
439	2
440	8
491	6
494	6
496	4
513	6
529	8
541	6
543	7
552	6
553	6
555	6
556	4
562	8
571	8
591	10
592	6
600	4
601	6
605	6
617	4
621	6
625	4
627	6
633	8
641	6
645	6
650	10
655	8
661	6
672	6
719	6
739	2
753	6
755	6
757	8
761	10
767	10
772	9
780	8
785	6
795	6
798	2
822	8
823	6
831	6
851	5
863	6
892	6
905	10
948	8
949	8
966	7
971	8
986	6
990	6
994	6
1002	6
1023	8
1038	6
1053	9
1057	8
1058	8
1074	6
1090	7
1094	4
1123	4
1136	8
1138	8
1143	6
1146	8
1147	4
1148	6
1171	6
1183	6
1214	7
1221	10
1224	5
1238	6
1240	4
1271	7
1288	3
1294	5
1302	5
1305	10
1316	6
1320	6
1327	6
1333	6
1334	10
1342	8
1345	8
1354	10
1377	8
1378	6
1380	6
1406	6
1408	7
1422	8
1470	6
1499	8
1524	10
1536	10
1537	3
1547	6
1557	10
1558	1
1583	6
1590	2
1600	8
1605	8
1624	6
1630	10
1649	10
1656	8
1677	6
1689	4
1694	8
1709	4
1742	6
1756	9
1762	10
1771	6
1777	3
1787	5
1794	6
1795	6
1797	5
1802	8
1811	7
1817	5
1818	8
1819	6
1829	6
1832	10
1844	6
1845	6
1847	6
1858	9
1860	4
1878	6
1880	6
1883	8
1888	8
1889	7
1900	10
1904	8
1906	8
1907	8
1916	6
1918	4
1921	6
1937	8
1938	6
1942	6
1986	10
1996	10
2023	10
2034	6
2046	6
2050	6
2052	7
2053	6
2054	4
2066	6
2085	8
2090	8
2123	8
2125	8
2150	6
2161	8
2167	8
2182	8
2187	8
2194	6
2233	2
2237	4
2246	6
2254	8
2266	6
2270	4
2273	4
2275	10
2281	5
2287	6
2304	6
2325	5
2328	6
2341	6
2342	8
2376	8
2428	8
2438	10
2450	6
2457	2
2466	4
2467	4
2482	6
2498	6
2528	6
2566	8
2570	8
2573	4
2579	9
2583	6
2588	8
2601	10
2612	6
2637	6
2638	6
2641	6
2661	8
2662	6
2673	4
2685	6
2692	8
2747	6
2756	5
2762	8
2764	8
2765	8
2783	7
2787	6
2821	8
2826	6
2828	2
2829	7
2845	8
2853	7
2858	6
2879	2
2892	7
2910	6
2920	7
2925	6
2936	7
2951	4
2955	4
2963	4
2965	10
2976	6
2993	6
3009	8
3013	8
3017	6
3022	4
3030	6
3033	6
3061	10
3063	6
3067	8
3082	6
3083	6
3086	5
3088	6
3147	6
3163	10
3166	8
3174	9
3180	4
3210	10
3211	6
3215	10
3219	4
3220	7
3232	6
3235	10
3245	8
3257	6
3264	8
3274	7
3297	6
3306	8
3325	5
3336	8
3359	7
3405	8
3411	6
3420	10
3426	8
3427	10
3434	7
3452	6
3459	3
3463	6
3483	8
3496	6
3504	4
3513	6
3517	1
3524	10
3526	9
3532	10
3542	8
3556	6
3573	7
3592	2
3595	8
3599	6
3620	8
3631	6
3635	7
3636	8
3646	8
3679	4
3687	6
3691	10
3693	4
3694	4
3699	6
3705	8
3711	6
3712	6
3721	6
3727	6
3747	6
3756	6
3771	9
3783	6
3784	5
3792	4
3793	5
3795	8
3803	6
3805	8
3810	1
3817	7
3828	10
3829	8
3840	2
3845	6
3847	10
3870	6
3891	4
3914	8
3921	2
3949	6
3965	4
3977	9
3991	8
3994	6
4000	8
4002	7
4007	8
4020	8
4028	6
4031	4
4033	7
4035	4
4038	6
4051	4
4054	6
4060	8
4065	2
4094	4
4156	6
4169	10
4182	8
4222	10
4223	6
4225	4
4230	10
4246	6
4251	8
4281	8
4295	8
4318	7
4332	10
4354	8
4359	10
4361	8
4364	6
4368	2
4377	4
4383	6
4396	8
4403	7
4430	6
4436	4
4455	8
4457	6
4487	4
4509	2
4514	7
4517	6
4523	6
4533	8
4549	6
4554	8
4578	4
4603	8
4612	6
4642	9
4652	4
4658	10
4675	6
4685	2
4689	8
4696	6
4712	1
4715	6
4724	4
4734	6
4741	8
4748	6
4761	6
4766	10
4819	4
4824	6
4827	7
4867	5
4915	6
4932	6
4934	6
4948	6
4984	10
5023	6
5027	6
5039	5
5052	6
5061	4
5078	6
5085	6
5089	2
5090	8
5100	6
5101	10
5103	8
5118	8
5123	8
5134	8
5139	9
5142	8
5162	6
5165	7
5168	6
5174	5
5177	5
5187	7
5191	8
5192	10
5197	8
5199	6
5204	6
5208	6
5221	4
5224	6
5226	7
5234	8
5236	8
5246	9
5247	8
5257	6
5262	7
5263	6
5266	7
5273	4
5275	6
5276	8
5279	6
5282	6
5327	6
5330	2
5335	6
5341	2
5348	5
5355	6
5356	6
5367	4
5369	10
5386	6
5395	6
5417	8
5424	6
5425	9
5431	6
5446	8
5460	7
5479	6
5495	5
5508	3
5510	4
5515	8
5562	6
5603	8
5612	6
5631	10
5634	4
5641	6
5686	9
5687	7
5694	10
5707	2
5711	4
5714	6
5730	6
5744	6
5760	8
5761	6
5764	4
5779	8
5806	8
5810	8
5828	4
5830	7
5840	8
5865	2
5867	7
5872	10
5884	4
5901	10
5913	7
5932	6
5933	8
5935	7
5939	7
5949	6
5955	6
5973	6
5974	8
5981	10
5983	6
5984	6
5998	4
6009	6
6014	8
6018	7
6019	6
6027	8
6066	4
6070	10
6072	2
6076	9
6101	8
6108	8
6110	8
6113	8
6114	10
6124	8
6135	6
6150	3
6158	6
6161	4
6162	8
6170	6
6218	6
6236	10
6237	7
6238	4
6245	8
6246	2
6261	6
6273	10
6283	10
6293	10
6327	10
6331	6
6336	8
6354	4
6364	6
6378	10
6387	6
6393	4
6412	10
6422	6
6426	10
6436	6
6440	8
6442	8
6443	6
6476	8
6481	5
6483	6
6494	2
6498	8
6508	5
6512	10
6518	6
6526	6
6534	6
6539	5
6541	6
6559	6
6564	5
6570	5
6581	10
6587	6
6590	7
6597	8
6600	5
6603	6
6609	6
6610	7
6640	7
6649	8
6656	10
6664	6
6669	8
6671	10
6682	6
6715	10
6720	5
6723	8
6726	8
6736	8
6739	6
6745	6
6746	8
6757	4
6758	7
6785	8
6814	8
6834	8
6845	2
6849	6
6850	6
6853	8
6856	4
6880	7
6881	8
6890	8
6895	8
6900	6
6905	8
6909	6
6932	6
6935	8
6949	6
6970	2
6983	4
6993	5
7001	6
7054	4
7057	6
7061	8
7068	8
7092	7
7099	2
7102	6
7108	10
7123	6
7126	8
7127	7
7129	6
7131	4
7145	8
7161	8
7176	8
7225	2
7239	6
7247	4
7251	8
7252	7
7256	4
7265	3
7273	3
7289	6
7300	6
7302	10
7313	6
7315	3
7336	8
7390	10
7420	6
7440	3
7448	8
7471	3
7472	8
7473	6
7496	6
7503	8
7510	5
7514	5
7525	6
7534	6
7545	3
7568	6
7571	8
7582	4
7587	4
7600	6
7628	10
7645	2
7670	7
7678	8
7681	2
7698	4
7704	5
7707	10
7709	2
7726	6
7755	2
7757	4
7760	6
7762	4
7798	4
7811	10
7831	6
7848	6
7849	5
7856	8
7857	8
7868	10
7880	10
7899	10
7902	8
7909	8
7920	8
7936	6
7942	6
7949	8
7950	8
7953	8
7954	8
7966	7
7977	6
7989	8
8020	7
8021	6
8022	6
8024	8
8025	6
8031	8
8034	8
8044	6
8060	8
8079	8
8105	10
8114	5
8143	6
8145	8
8156	6
8160	10
8169	6
8172	6
8173	8
8181	8
8184	10
8188	8
8213	8
8216	8
8232	8
8242	7
8249	8
8252	6
8263	6
8265	1
8283	10
8295	8
8297	4
8298	5
8308	7
8312	6
8318	4
8344	10
8365	7
8372	8
8383	4
8405	6
8424	4
8430	6
8454	8
8479	7
8480	7
8532	6
8536	10
8537	6
8551	4
8552	5
8580	6
8594	6
8607	6
8610	5
8628	6
8642	7
8643	6
8651	8
8653	5
8656	6
8663	6
8674	6
8678	2
8681	4
8683	7
8701	7
8734	8
8774	8
8784	6
8793	8
8801	8
8802	10
8806	2
8811	4
8813	6
8817	7
8823	4
8834	6
8852	7
8858	8
8869	1
8877	8
8880	8
8882	1
8885	8
8896	6
8926	8
8946	8
8949	7
8951	8
8952	6
8960	4
8968	10
8974	6
8978	6
8987	2
8991	8
8992	3
9023	6
9039	8
9043	8
9100	6
9109	4
9115	7
9116	2
9117	4
9123	8
9128	10
9147	6
9152	6
9156	8
9160	2
9162	6
9163	6
9176	7
9178	8
9181	6
9196	8
9207	8
9213	6
9248	6
9252	8
9258	8
9266	6
9268	6
9297	2
9310	8
9319	4
9322	4
9324	6
9330	9
9335	10
9348	6
9355	4
9380	4
9393	7
9420	6
9443	8
9460	10
9469	7
9477	6
9478	4
9488	8
9496	7
9499	6
9503	6
9554	6
9572	8
9573	5
9575	8
9595	5
9601	2
9614	8
9615	6
9646	2
9652	10
9660	8
9685	2
9698	8
9705	8
9707	6
9711	6
9713	3
9742	6
9754	10
9764	6
9786	8
9794	8
9795	8
9806	8
9809	6
9820	8
9821	10
9825	4
9827	2
9828	7
9836	5
9840	8
9841	6
9843	6
9846	8
9878	7
9888	6
9892	8
9902	7
9910	8
9917	5
9922	8
9933	1
9935	8
9939	8
9942	6
9950	8
9955	8
9959	10
9964	3
9970	6
9978	10
9979	4
10005	6
10012	8
10029	2
10065	6
10073	6
10089	4
10107	4
10114	8
10127	6
10143	10
10155	6
10171	4
10172	8
10200	6
10201	6
10208	8
10222	6
10229	5
10235	6
10238	6
10245	8
10269	6
10270	10
10271	7
10276	8
10282	6
10289	6
10292	10
10295	6
10306	5
10317	2
10334	6
10372	7
10383	10
10423	8
10442	6
10444	8
10453	8
10469	6
10470	3
10476	6
10484	8
10495	6
10511	10
