11	6
17	10
81	8
88	4
91	8
92	10
96	8
104	10
108	8
125	9
139	8
143	6
144	7
152	8
161	8
196	8
212	8
214	6
215	10
216	8
226	8
230	8
259	9
265	4
277	7
279	10
285	10
289	10
292	8
303	8
307	10
310	10
318	4
348	9
362	5
368	8
386	8
414	6
426	6
438	10
440	8
450	8
459	7
491	9
501	8
524	9
533	8
540	10
550	6
551	6
555	9
577	8
582	8
585	8
595	8
596	6
598	4
603	2
610	6
621	7
632	8
642	8
643	10
650	10
657	8
688	7
695	8
698	8
702	10
718	8
723	7
726	4
744	6
745	8
746	8
765	10
767	10
780	8
797	8
803	8
820	7
824	8
826	9
838	7
839	6
843	6
854	10
869	9
874	8
886	8
893	8
915	10
925	9
936	8
943	8
946	10
957	6
973	6
977	4
995	7
1018	8
1020	6
1026	8
1035	9
1062	10
1075	7
1077	8
1088	2
1121	8
1126	10
1132	10
1139	9
1140	10
1161	2
1168	8
1174	7
1177	8
1192	8
1197	5
1200	8
1223	4
1233	8
1263	8
1276	10
1292	4
1294	5
1297	8
1302	10
1320	10
1329	6
1333	8
1355	9
1361	9
1367	6
1377	8
1392	9
1408	8
1419	3
1440	9
1446	3
1449	6
1450	4
1469	9
1478	1
1484	10
1498	8
1508	10
1527	9
1536	6
1545	10
1552	8
1559	8
1567	8
1587	10
1592	8
1596	10
1597	10
1612	5
1629	10
1632	7
1675	6
1724	8
1745	7
1763	8
1771	8
1773	10
1801	6
1805	7
1817	4
1838	10
1854	7
1858	8
1860	8
1861	7
1875	2
1902	8
1906	4
1907	7
1918	8
1919	2
1925	6
1926	8
1930	6
1959	8
1973	6
1981	9
1988	7
2004	6
2044	6
2053	8
2057	8
2127	8
2134	6
2152	8
2153	6
2162	5
2167	10
2168	10
2191	10
2192	8
2193	8
2211	8
2215	8
2227	10
2233	8
2237	10
2275	6
2281	8
2282	5
2300	4
2304	6
2339	9
2385	8
2394	8
2398	9
2414	8
2424	8
2425	4
2428	8
2435	10
2451	6
2466	10
2468	10
2470	8
2479	10
2484	2
2485	10
2491	5
2503	4
2509	9
2515	6
2522	8
2527	9
2542	8
2548	10
2551	2
2555	10
2567	10
2573	6
2596	10
2601	6
2602	8
2612	10
2624	8
2632	8
2634	7
2641	10
2652	6
2657	7
2662	5
2665	10
2675	8
2690	8
2696	10
2698	7
2715	7
2721	10
2722	10
2723	8
2745	10
2747	4
2765	8
2777	6
2780	4
2783	7
2792	8
2806	9
2810	10
2821	4
2852	8
2853	7
2857	4
2863	2
2879	4
2896	9
2909	5
2919	6
2920	6
2925	8
2940	10
2949	10
2952	10
2957	8
2963	2
2987	10
2988	5
2992	9
3005	8
3014	8
3022	10
3030	6
3043	8
3050	9
3057	8
3061	8
3067	10
3090	4
3106	7
3110	7
3116	1
3148	6
3149	6
3151	8
3152	8
3154	8
3155	4
3159	6
3163	8
3170	10
3171	10
3182	9
3207	8
3215	8
3220	8
3228	10
3229	9
3233	4
3244	9
3245	8
3259	8
3266	4
3298	5
3301	10
3312	8
3313	8
3322	10
3325	7
3340	10
3346	8
3347	8
3348	8
3350	8
3381	8
3383	9
3406	8
3415	4
3416	8
3426	6
3427	8
3428	6
3454	6
3475	8
3476	6
3483	10
3484	7
3485	3
3492	8
3494	9
3504	10
3519	6
3531	9
3535	8
3540	7
3584	7
3593	10
3594	4
3595	8
3599	9
3604	2
3611	3
3624	6
3627	6
3634	10
3635	4
3647	7
3652	6
3681	8
3688	8
3691	6
3697	8
3716	10
3721	10
3754	6
3761	8
3776	4
3783	8
3791	10
3793	6
3796	8
3797	8
3817	8
3840	2
3841	10
3863	8
3864	6
3865	6
3866	8
3868	9
3916	6
3920	10
3991	7
4017	7
4030	3
4033	7
4047	10
4059	7
4070	2
4078	10
4095	6
4129	8
4135	5
4152	6
4161	8
4177	3
4193	10
4198	9
4208	6
4253	10
4258	8
4260	8
4266	2
4302	4
4311	4
4317	1
4341	8
4345	8
4352	10
4364	8
4373	6
4374	6
4377	10
4387	10
4391	10
4395	8
4401	8
4405	10
4414	8
4459	7
4461	8
4471	8
4486	3
4491	2
4494	10
4497	6
4498	6
4499	7
4502	8
4513	8
4514	8
4520	8
4523	2
4525	4
4532	6
4534	8
4538	10
4549	6
4550	4
4557	8
4564	10
4568	10
4598	6
4612	8
4627	8
4629	7
4635	8
4665	6
4685	8
4688	9
4693	3
4716	10
4728	8
4748	10
4778	4
4783	10
4807	3
4812	7
4816	10
4817	6
4825	10
4826	8
4827	9
4834	10
4855	8
4866	10
4867	9
4872	8
4883	6
4888	6
4897	8
4898	10
4920	2
4954	6
4964	10
4973	9
4978	8
4982	10
4983	8
4988	8
5016	8
5017	6
5039	8
5047	10
5061	8
5062	7
5073	10
5085	10
5100	9
5104	9
5113	8
5134	8
5138	7
5168	8
5174	8
5182	10
5191	6
5202	4
5217	6
5234	7
5238	8
5241	7
5275	10
5284	10
5285	9
5290	10
5329	8
5339	7
5346	8
5353	6
5367	6
5377	8
5385	8
5389	10
5395	8
5399	8
5411	7
5415	8
5436	10
5444	10
5447	8
5451	10
5458	10
5459	6
5469	9
5473	4
5477	10
5480	5
5488	10
5495	9
5524	4
5525	10
5526	8
5545	8
5546	9
5557	8
5561	2
5578	10
5579	10
5580	4
5606	8
5607	8
5608	7
5614	2
5654	5
5658	5
5667	7
5672	8
5678	8
5698	10
5705	7
5706	6
5711	2
5716	5
5720	6
5721	10
5762	8
5767	7
5794	10
5824	6
5830	4
5831	2
5840	8
5843	8
5848	6
5849	4
5871	10
5875	10
5876	9
5890	7
5917	5
5920	6
5925	5
5930	4
5931	10
5942	10
5954	9
5955	10
5971	8
5981	6
5992	4
6009	6
6014	9
6017	7
6018	1
6030	8
6043	6
6046	8
6054	8
6057	9
6104	4
6144	9
6148	10
6150	5
6161	8
6179	8
6188	10
6197	4
6213	10
6227	9
6239	2
6250	8
6252	10
6272	8
6280	4
6291	10
6314	8
6316	6
6333	8
6336	8
6338	2
6351	10
6365	10
6371	6
6379	8
6384	8
6393	8
6415	6
6424	8
6435	8
6442	9
6456	8
6461	7
6465	8
6475	2
6477	7
6481	9
6508	8
6528	3
6535	6
6540	7
6561	6
6568	6
6569	8
6571	8
6580	8
6581	10
6603	8
6607	7
6616	8
6629	10
6630	10
6651	8
6661	8
6664	6
6665	8
6676	8
6678	9
6684	10
6715	6
6717	6
6725	4
6739	2
6743	10
6745	10
6757	8
6772	10
6776	10
6784	8
6790	9
6825	10
6830	7
6845	6
6856	6
6873	8
6886	6
6905	6
6908	8
6924	10
6932	8
6933	3
6936	10
6948	8
6965	7
6967	10
6971	8
6982	9
6985	1
7001	8
7012	8
7017	6
7030	10
7040	8
7054	3
7061	10
7081	6
7083	8
7091	6
7102	10
7126	6
7127	8
7161	10
7163	6
7179	6
7181	8
7185	6
7198	6
7236	7
7252	8
7263	10
7265	6
7270	9
7282	9
7286	6
7304	9
7313	10
7315	7
7323	8
7329	8
7332	6
7337	6
7350	4
7359	10
7361	10
7366	6
7380	8
7417	7
7426	6
7427	9
7447	10
7457	10
7461	6
7463	8
7477	1
7508	7
7522	8
7537	10
7545	4
7549	8
7555	8
7560	8
7564	10
7566	9
7568	10
7570	10
7576	10
7590	10
7612	7
7613	8
7617	10
7618	8
7619	5
7624	4
7629	2
7650	8
7654	8
7655	4
7677	7
7678	9
7699	10
7704	5
7707	10
7711	8
7727	10
7755	6
7757	6
7763	9
7786	8
7795	8
7819	9
7840	7
7856	8
7864	8
7869	8
7884	10
7894	2
7910	10
7918	2
7920	2
7936	10
7946	6
7953	2
7972	8
7989	8
7996	10
8019	8
8026	10
8039	8
8050	8
8060	8
8063	8
8075	6
8083	8
8097	6
8105	8
8114	10
8116	8
8122	10
8123	6
8135	10
8136	8
8147	7
8161	8
8162	4
8168	8
8171	10
8208	5
8232	6
8238	6
8264	10
8265	7
8293	9
8294	8
8310	6
8323	6
8325	5
8338	6
8348	10
8352	5
8354	6
8372	8
8395	10
8400	10
8412	8
8426	10
8447	7
8453	6
8467	9
8470	7
8480	9
8488	10
8489	8
8498	8
8510	8
8511	8
8515	4
8535	10
8537	9
8543	5
8551	2
8557	10
8604	8
8621	9
8631	6
8646	8
8651	9
8652	10
8661	7
8664	6
8666	8
8679	8
8683	8
8684	10
8692	5
8699	8
8701	10
8706	8
8716	10
8731	10
8734	4
8740	10
8781	10
8787	8
8796	10
8806	8
8811	6
8818	6
8826	5
8837	5
8856	6
8857	6
8858	9
8865	8
8867	4
8872	6
8875	10
8892	6
8897	8
8908	10
8930	8
8934	10
8960	4
8962	6
8964	6
8969	8
8971	10
8973	7
8977	9
8987	6
8992	4
8993	7
8996	8
9014	8
9020	6
9026	2
9039	4
9043	4
9044	8
9048	7
9052	6
9060	10
9065	6
9085	7
9090	8
9092	7
9110	4
9117	8
9139	10
9141	8
9148	10
9149	8
9151	9
9160	7
9181	8
9186	8
9192	9
9196	10
9210	10
9211	7
9227	8
9231	8
9261	7
9296	2
9302	6
9304	4
9305	4
9310	9
9311	6
9328	10
9335	10
9355	6
9358	8
9359	6
9362	10
9363	7
9368	8
9369	8
9377	10
9383	10
9388	9
9391	8
9409	10
9415	6
9441	8
9443	10
9444	6
9462	8
9485	10
9487	8
9522	8
9531	6
9546	10
9547	7
9550	7
9554	10
9561	10
9563	8
9565	10
9572	8
9595	6
9609	8
9614	10
9616	8
9625	7
9645	4
9650	10
9666	8
9676	10
9679	10
9682	8
9694	6
9704	6
9724	1
9757	6
9760	10
9771	8
9777	8
9781	10
9787	6
9797	9
9809	6
9823	8
9827	7
9841	6
9843	10
9844	8
9869	8
9870	7
9874	8
9877	8
9885	7
9889	7
9893	10
9900	8
9902	8
9926	10
9927	7
9930	8
9939	10
9951	4
9975	8
9980	10
