3	6
7	8
9	10
19	8
30	6
35	6
36	8
44	10
46	10
60	10
68	10
78	10
91	8
96	10
103	6
112	8
117	7
121	10
122	10
124	10
129	10
130	7
143	6
151	8
159	10
173	8
175	10
196	6
197	5
198	10
203	6
205	10
212	8
215	10
219	8
220	8
226	10
230	8
254	9
267	6
274	10
275	8
276	8
285	10
289	6
292	8
295	10
301	10
302	8
303	8
323	10
325	8
340	6
351	10
353	8
357	6
359	6
368	8
413	10
419	10
426	7
427	8
437	10
444	10
447	10
450	8
480	8
506	8
513	10
522	6
533	7
541	10
544	8
545	9
550	10
555	9
558	4
571	9
572	8
580	4
585	10
591	8
596	8
608	10
621	7
633	7
634	10
642	6
643	6
649	6
655	8
657	7
671	10
686	8
694	8
703	10
726	10
731	6
747	5
765	2
767	10
777	10
780	8
783	7
790	10
798	9
824	4
826	10
830	10
833	10
840	8
866	8
867	8
871	8
878	8
886	4
906	8
925	9
926	9
953	10
957	8
971	10
977	10
980	6
988	8
989	10
1014	6
1018	8
1025	6
1026	10
1058	6
1060	10
1062	10
1075	8
1088	6
1090	10
1109	8
1121	8
1127	10
1130	6
1132	7
1143	6
1162	8
1168	8
1174	7
1176	10
1182	10
1186	8
1198	9
1209	5
1224	6
1227	6
1233	8
1237	9
1239	10
1265	10
1270	9
1278	8
1286	6
1287	10
1288	8
1301	4
1302	6
1327	10
1331	8
1352	10
1355	9
1365	6
1369	10
1370	8
1373	8
1377	8
1392	9
1395	7
1396	10
1407	8
1408	10
1411	8
1417	6
1419	1
1425	6
1446	6
1464	10
1466	10
1469	10
1472	9
1474	10
1482	10
1488	10
1491	10
1499	9
1506	6
1519	4
1523	4
1527	10
1531	6
1534	8
1537	8
1551	10
1552	10
1557	8
1562	6
1567	8
1573	8
1579	8
1596	8
1605	10
1614	8
1630	10
1633	7
1634	6
1636	8
1640	8
1652	8
1666	10
1673	6
1674	10
1681	3
1697	8
1709	10
1724	10
1725	8
1731	10
1740	10
1741	8
1747	10
1751	6
1755	9
1761	8
1762	10
1763	8
1769	6
1787	9
1815	6
1816	6
1817	8
1831	10
1832	4
1834	8
1854	3
1858	7
1860	6
1861	7
1875	2
1888	10
1889	10
1891	10
1915	6
1922	8
1926	8
1930	10
1932	8
1960	10
1973	10
1976	8
1981	9
1986	6
1988	7
2002	8
2010	8
2021	10
2028	8
2034	6
2039	9
2050	8
2053	7
2057	10
2066	6
2073	9
2090	8
2091	6
2096	10
2100	10
2106	10
2107	10
2111	8
2125	8
2127	6
2129	10
2130	8
2134	10
2151	10
2152	10
2160	10
2162	8
2170	10
2184	8
2191	10
2194	8
2197	10
2204	4
2213	10
2214	8
2215	8
2233	8
2237	8
2241	10
2264	8
2265	2
2270	10
2275	6
2276	8
2295	7
2297	10
2298	10
2305	10
2314	10
2324	7
2326	8
2330	10
2351	7
2361	6
2377	5
2384	10
2392	10
2397	2
2404	8
2407	8
2409	10
2424	10
2425	8
2429	7
2433	7
2438	10
2444	8
2447	7
2460	10
2466	2
2467	6
2481	9
2483	8
2485	10
2491	8
2503	6
2504	6
2512	8
2515	6
2528	10
2534	8
2539	6
2545	9
2553	8
2566	10
2570	5
2573	2
2574	10
2577	10
2581	2
2583	6
2596	10
2610	10
2612	10
2624	4
2632	8
2642	8
2643	9
2649	10
2650	6
2653	10
2661	10
2673	8
2675	8
2679	10
2695	10
2696	10
2703	8
2709	8
2729	6
2730	8
2732	10
2744	10
2745	6
2763	4
2765	6
2780	6
2785	9
2798	6
2801	10
2814	6
2815	4
2816	10
2829	10
2852	8
2853	4
2903	8
2912	10
2920	8
2936	9
2939	8
2974	8
2975	10
2991	7
3001	10
3004	8
3010	9
3011	7
3014	10
3022	10
3025	10
3041	10
3042	10
3047	10
3060	6
3063	10
3068	10
3085	5
3086	8
3089	10
3096	6
3103	8
3110	6
3119	8
3122	6
3128	10
3129	6
3133	6
3134	8
3144	2
3145	8
3149	5
3152	8
3154	10
3163	2
3171	10
3185	8
3190	9
3197	10
3212	10
3214	10
3219	8
3220	8
3228	10
3247	8
3287	4
3288	10
3299	8
3305	8
3311	4
3325	6
3327	8
3329	10
3340	7
3365	10
3366	10
3368	8
3373	8
3384	6
3388	10
3391	8
3392	8
3393	10
3424	4
3434	10
3448	8
3476	8
3482	6
3483	8
3494	6
3500	6
3501	6
3504	4
3510	10
3517	1
3519	10
3524	10
3525	9
3533	10
3534	10
3546	10
3552	10
3555	8
3562	10
3581	7
3583	10
3584	7
3595	6
3624	4
3634	10
3635	6
3652	10
3658	10
3662	10
3669	8
3680	8
3698	8
3721	8
3729	10
3736	5
3750	6
3768	10
3777	10
3783	10
3784	9
3793	10
3795	4
3806	8
3809	8
3817	7
3828	6
3830	9
3841	10
3867	8
3872	10
3977	10
3985	8
3991	4
4001	8
4009	4
4017	8
4019	6
4056	9
4078	6
4085	4
4090	8
4129	7
4135	8
4149	6
4156	7
4162	6
4182	8
4191	6
4192	10
4194	10
4219	6
4229	4
4242	9
4257	10
4258	9
4263	10
4264	8
4289	8
4317	6
4322	6
4326	6
4327	10
4333	9
4347	6
4350	10
4361	10
4364	6
4373	10
4377	10
4381	9
4396	10
4401	10
4403	8
4405	8
4415	8
4425	6
4430	8
4431	4
4436	10
4441	8
4457	10
4461	8
4466	8
4469	10
4471	10
4475	8
4494	6
4496	8
4498	8
4513	10
4523	10
4525	10
4532	8
4538	9
4544	10
4549	7
4551	8
4565	8
4568	10
4573	10
4589	10
4594	9
4598	10
4604	10
4612	8
4615	8
4623	7
4627	10
4640	8
4649	6
4665	8
4673	10
4681	7
4685	9
4697	10
4712	7
4713	10
4715	9
4719	6
4727	10
4733	10
4741	10
4761	10
4772	10
4774	9
4783	10
4784	9
4787	8
4814	6
4815	8
4817	8
4823	8
4825	10
4826	6
4827	10
4850	8
4861	10
4867	9
4882	10
4883	10
4909	6
4925	10
4928	10
4939	10
4973	9
4982	4
4993	10
4995	8
5009	4
5030	8
5037	4
5039	9
5047	8
5066	10
5068	8
5085	9
5095	6
5100	8
5104	4
5109	9
5118	10
5129	10
5134	6
5168	8
5174	7
5190	6
5192	8
5199	10
5203	10
5226	10
5235	9
5238	8
5239	9
5246	9
5247	8
5259	8
5263	8
5265	10
5266	8
5290	4
5296	10
5307	10
5329	6
5334	8
5353	10
5358	5
5363	6
5365	10
5367	8
5392	6
5395	8
5402	6
5409	10
5414	9
5422	10
5425	10
5446	10
5451	9
5457	8
5467	8
5475	10
5477	8
5480	7
5481	6
5488	8
5495	8
5497	6
5508	8
5510	7
5515	8
5523	10
5533	6
5578	8
5580	2
5584	10
5596	10
5608	10
5613	8
5633	8
5653	10
5661	10
5667	10
5669	9
5670	9
5672	10
5678	4
5679	8
5687	10
5715	8
5725	10
5744	6
5751	8
5754	8
5760	10
5763	10
5779	8
5794	6
5795	10
5798	10
5806	10
5813	8
5822	4
5840	9
5843	8
5847	10
5848	6
5849	10
5865	10
5873	6
5879	8
5883	10
5888	8
5890	10
5892	8
5913	7
5930	8
5931	10
5932	10
5933	10
5947	10
5954	9
5955	9
5992	6
5993	8
5998	10
6014	6
6018	10
6027	8
6030	10
6036	10
6043	2
6054	2
6070	10
6072	8
6082	7
6086	8
6094	10
6104	10
6115	4
6117	9
6128	10
6144	8
6145	9
6148	8
6154	9
6161	8
6172	9
6183	9
6191	10
6218	10
6220	8
6234	4
6239	10
6251	8
6272	5
6273	8
6276	7
6281	8
6283	10
6309	6
6317	7
6332	8
6351	10
6352	5
6370	8
6371	8
6376	7
6385	8
6387	2
6389	10
6393	10
6410	8
6432	8
6439	8
6443	9
6453	8
6465	10
6477	6
6481	9
6489	10
6495	7
6501	10
6508	9
6524	8
6534	8
6535	10
6557	8
6581	10
6587	8
6593	9
6644	8
6651	8
6664	8
6668	6
6669	9
6671	6
6678	10
6698	10
6706	8
6717	10
6730	8
6735	7
6745	8
6758	7
6764	7
6772	10
6774	10
6785	8
6819	10
6822	10
6845	8
6860	10
6866	8
6868	10
6880	8
6882	10
6890	6
6893	9
6908	6
6909	10
6924	10
6932	8
6935	4
6948	10
6949	7
6970	8
6976	8
6982	9
6986	8
6998	10
7001	10
7023	10
7040	6
7048	10
7051	10
7057	6
7061	10
7078	7
7081	10
7083	10
7090	8
7092	7
7127	9
7131	10
7135	10
7144	10
7154	8
7155	5
7158	8
7163	6
7168	8
7173	10
7177	10
7181	8
7195	10
7207	10
7210	10
7213	6
7234	6
7236	6
7241	8
7247	9
7251	8
7252	10
7255	8
7260	10
7265	8
7269	10
7277	8
7282	8
7283	10
7289	8
7295	10
7300	6
7301	10
7304	10
7307	6
7313	10
7329	8
7341	8
7344	9
7350	10
7358	6
7359	10
7366	9
7371	10
7384	10
7456	8
7461	10
7463	9
7472	6
7476	10
7486	8
7504	8
7508	6
7510	5
7522	7
7527	6
7539	10
7561	8
7566	6
7568	6
7570	8
7580	6
7586	9
7587	9
7596	10
7597	10
7602	10
7608	10
7618	7
7628	10
7639	10
7655	9
7669	9
7674	8
7675	10
7676	8
7678	8
7681	2
7701	7
7706	10
7707	10
7711	8
7749	10
7761	10
7765	8
7774	9
7779	7
7794	10
7806	10
7815	7
7819	7
7820	7
7838	10
7840	8
7844	8
7849	8
7856	10
7875	8
7892	6
7898	9
7903	8
7917	4
7942	4
7946	10
7947	10
7949	4
7970	7
7979	8
7984	10
7986	8
7989	10
7997	8
8003	8
8004	4
8012	10
8013	8
8024	8
8031	4
8038	9
8041	7
8054	8
8055	10
8058	6
8060	8
8063	8
8066	8
8075	4
8083	9
8088	4
8096	6
8097	4
8100	10
8105	6
8106	9
8108	9
8112	9
8114	10
8115	6
8117	10
8118	9
8127	8
8146	10
8147	7
8159	4
8171	8
