8	8
37	1
38	9
92	8
126	8
144	8
175	10
182	8
192	4
212	5
215	8
249	8
262	8
263	9
296	7
318	9
325	8
330	8
348	7
368	6
390	8
426	4
459	7
476	8
493	7
509	9
516	6
533	9
543	7
546	8
555	7
558	8
571	8
622	10
633	6
636	7
657	7
698	9
728	10
742	9
754	7
783	6
784	8
798	8
805	9
826	8
902	9
928	7
936	6
966	7
985	10
1027	7
1035	7
1041	7
1048	7
1072	9
1122	10
1132	8
1139	8
1141	10
1160	9
1169	7
1174	7
1220	10
1224	8
1236	6
1237	7
1252	8
1256	8
1278	6
1297	8
1302	10
1318	10
1326	9
1355	6
1367	8
1374	6
1407	8
1408	6
1419	5
1435	7
1439	9
1440	6
1445	4
1478	7
1485	9
1496	10
1500	6
1510	8
1532	7
1612	7
1621	10
1632	8
1633	7
1640	8
1697	8
1713	5
1724	8
1728	7
1774	5
1777	10
1786	9
1787	6
1805	8
1817	8
1854	8
1860	6
1861	7
1871	8
1907	8
1908	5
1915	6
1918	8
1919	9
1926	7
1936	9
1937	8
1945	9
1955	10
1965	8
1966	9
1981	8
1988	8
2012	8
2018	9
2034	7
2053	6
2059	7
2102	8
2130	7
2134	8
2204	6
2205	10
2214	8
2215	3
2218	8
2258	8
2282	7
2291	8
2325	8
2330	7
2339	8
2342	8
2361	8
2381	9
2385	6
2398	9
2402	6
2421	8
2428	8
2434	8
2435	8
2463	7
2470	10
2471	8
2480	4
2505	8
2513	8
2515	8
2517	7
2536	6
2545	7
2558	7
2574	8
2590	8
2619	7
2676	7
2680	2
2686	6
2692	9
2698	8
2706	8
2714	8
2720	9
2736	7
2784	6
2785	8
2796	8
2813	8
2852	7
2862	6
2863	8
2891	7
2895	8
2936	8
2950	8
2964	7
3006	9
3010	5
3022	8
3038	10
3039	7
3057	6
3089	9
3104	7
3106	4
3114	6
3117	8
3120	2
3149	5
3154	6
3171	7
3174	8
3190	8
3197	7
3204	5
3207	6
3219	6
3220	7
3222	6
3270	8
3298	7
3299	7
3301	7
3313	9
3325	7
3340	9
3368	8
3369	8
3392	8
3418	6
3434	6
3435	9
3448	6
3451	10
3484	6
3493	6
3541	7
3565	4
3575	8
3594	4
3595	8
3599	9
3611	4
3642	9
3646	9
3699	5
3707	7
3717	7
3761	7
3771	8
3783	7
3793	7
3810	5
3817	8
3837	6
3849	7
3860	7
3908	5
3970	7
3976	6
3991	8
4022	8
4034	7
4050	6
4078	7
4099	7
4105	8
4129	7
4136	8
4156	8
4157	8
4171	10
4177	7
4213	7
4224	9
4226	7
4272	8
4333	9
4341	7
4342	8
4353	6
4363	7
4365	9
4375	5
4403	8
4419	7
4449	9
4459	8
4473	7
4482	8
4513	8
4517	8
4526	7
4544	9
4549	7
4605	7
4615	8
4616	8
4623	8
4649	9
4719	9
4728	9
4739	6
4754	7
4774	9
4787	7
4800	6
4818	7
4822	7
4827	8
4849	8
4868	8
4895	6
4954	7
4956	9
4959	4
4978	8
5014	3
5032	9
5062	7
5075	9
5085	7
5100	7
5110	8
5129	8
5131	9
5143	10
5182	8
5187	8
5227	8
5231	8
5232	6
5238	7
5271	10
5277	6
5328	6
5329	5
5339	7
5392	4
5415	6
5459	8
5461	6
5474	8
5507	7
5510	8
5511	5
5539	8
5546	10
5557	10
5586	8
5600	6
5641	8
5678	7
5703	8
5716	8
5719	8
5747	8
5774	6
5776	8
5798	6
5807	6
5829	5
5830	8
5891	7
5892	7
5913	9
5917	5
5925	6
5932	7
5933	6
5935	8
5939	7
5947	7
5954	8
5955	8
5963	9
5983	8
6005	6
6014	8
6018	8
6042	8
6051	8
6070	5
6117	9
6119	7
6150	8
6163	8
6166	4
6173	7
6204	8
6227	8
6232	10
6250	8
6253	8
6264	10
6272	6
6276	8
6277	7
6285	8
6317	8
6323	6
6328	9
6340	7
6344	10
6352	6
6375	9
6385	10
6393	8
6400	6
6420	8
6426	8
6431	9
6443	7
6457	8
6461	5
6477	7
6481	8
6491	8
6508	7
6532	8
6550	9
6571	9
6582	9
6590	9
6599	8
6601	9
6606	10
6616	8
6629	7
6631	7
6645	8
6646	8
6708	8
6716	10
6717	10
6725	8
6727	8
6757	7
6758	5
6770	6
6782	3
6785	7
6801	7
6836	6
6846	8
6862	10
6890	8
6893	7
6905	7
6926	10
6932	8
6941	5
6949	8
6971	7
6982	8
6985	8
6986	8
6992	8
7003	10
7018	8
7035	8
7036	7
7061	8
7066	9
7077	8
7078	7
7133	8
7145	8
7181	6
7195	7
7203	8
7204	8
7212	5
7236	6
7252	8
7258	7
7272	8
7282	7
7283	10
7291	7
7304	6
7315	5
7354	8
7356	9
7386	7
7411	8
7417	8
7471	7
7472	7
7483	8
7514	5
7522	8
7523	8
7534	5
7577	8
7587	8
7612	6
7613	6
7635	8
7646	9
7655	7
7671	8
7678	9
7684	7
7685	7
7717	10
7732	10
7740	9
7758	8
7774	8
7778	7
7786	7
7808	9
7819	8
7820	8
7827	8
7849	5
7859	6
7860	4
7898	6
7919	8
7979	7
7986	8
8003	9
8020	8
8026	8
8041	6
8048	8
8049	7
8058	7
8063	7
8082	8
8114	8
8147	6
8173	8
8181	6
8186	6
8208	7
8215	9
8216	10
8228	6
8238	5
8239	8
8240	9
8242	9
8248	9
8275	8
8294	6
8338	8
8352	8
8357	8
8360	8
8388	9
8395	8
8427	6
8434	9
8459	8
8467	8
8476	8
8479	8
8491	8
8512	9
8518	9
8530	8
8573	9
8574	9
8588	8
8603	6
8604	5
8620	9
8633	7
8642	8
8651	8
8665	5
8668	9
8682	8
8701	8
8726	8
8734	6
8747	8
8782	5
8784	6
8787	6
8788	10
8811	7
8826	7
8838	8
8841	5
8852	7
8867	7
8875	7
8882	3
8892	8
8930	6
8973	8
8978	8
8991	8
8996	8
9039	6
9043	7
9085	10
9104	7
9105	6
9126	6
9139	2
9141	8
9149	6
9161	7
9168	8
9176	9
9193	7
9196	8
9204	9
9212	8
9239	6
9270	5
9286	8
9287	8
9301	8
9302	7
9327	8
9330	7
9347	8
9353	8
9355	7
9359	7
9397	8
9410	8
9425	7
9440	8
9449	7
9452	9
9453	7
9457	8
9462	9
9469	8
9473	7
9493	10
9522	9
9531	7
9538	7
9547	8
9554	4
9572	7
9580	7
9595	8
9599	8
9601	8
9618	8
9637	9
9653	7
9657	8
9666	8
9667	7
9679	8
9683	10
9713	8
9724	9
9748	8
9787	7
9807	10
9809	7
9819	9
9823	8
9832	9
9877	5
9882	6
9889	5
9902	7
9928	8
9957	8
9970	7
9979	7
9985	6
9993	8
10006	8
10012	10
10025	6
10030	8
10035	8
10051	7
10079	7
10099	8
10131	9
10132	8
10186	8
10250	8
10257	6
10267	10
10276	8
10288	7
10306	7
10313	9
10318	8
10328	7
10368	8
10402	7
10438	7
10443	8
10444	6
10455	8
10469	9
10470	6
10516	8
10537	9
10552	9
10570	8
10589	7
10598	6
10609	3
10619	8
10625	9
10633	7
10636	8
10652	8
10662	8
10665	8
10668	7
10674	6
10680	6
10694	10
10715	7
10749	10
10750	6
10759	8
10795	2
10848	6
10852	9
10858	7
10868	8
10931	6
10963	8
10967	8
10986	7
11000	8
11001	9
11002	7
11003	9
11023	9
11035	5
11045	8
11050	8
11076	7
11081	8
11090	6
11113	7
11114	8
11117	8
11153	5
11157	7
11158	7
11186	6
11188	9
11195	8
11220	9
11221	5
11228	9
11239	8
11240	8
11244	8
11251	9
11255	7
11277	8
11329	7
11346	9
11352	5
11388	7
11411	6
11420	9
11434	10
11448	6
11470	8
11510	8
11515	8
11518	2
11521	7
11523	8
11536	7
11554	9
11562	10
11569	8
11570	9
11583	9
11595	10
11607	8
11638	9
11646	8
11760	7
11780	9
11803	8
11805	10
11807	8
11809	9
11824	8
11825	9
11874	6
11889	7
11898	4
11900	9
11930	5
11937	9
12006	8
12012	10
12013	7
12064	8
12080	8
12105	8
12150	8
12159	10
12164	8
12169	8
12193	9
12202	9
12207	10
12221	8
12248	8
12250	4
12256	8
12265	9
12283	9
12296	8
12302	6
12306	9
12309	7
12333	10
12361	9
12366	6
12367	6
12411	5
12425	8
12428	8
12460	9
12474	10
12490	5
12524	3
12532	10
12539	8
12561	7
12593	9
12600	10
12612	10
12641	8
12644	8
12649	6
12662	10
12695	9
12721	9
12734	8
12747	8
12752	8
12771	5
12780	4
12791	7
12796	7
12811	7
12818	8
12824	4
12837	9
12866	10
12887	5
12895	5
12904	8
12910	7
12948	7
12952	7
12985	5
13029	5
13042	8
13067	7
13069	9
13091	6
13098	8
13105	7
13114	8
13122	8
13132	10
13150	7
13166	10
13228	8
13270	8
13271	8
13283	8
13293	8
13304	8
13308	9
13318	6
13321	8
13342	7
13353	7
13356	7
13376	8
13393	10
13435	7
13472	9
13473	8
13478	8
13488	8
13497	8
13502	10
13505	9
13541	6
13560	5
13564	6
13583	8
13599	8
13614	7
13635	7
13651	9
13663	9
13666	4
13669	6
13679	10
13693	9
13700	5
13701	8
13716	7
13717	7
13722	10
13740	4
13743	6
13746	7
13748	8
13753	8
13754	6
13763	8
13768	7
13781	6
13786	8
13827	9
13828	7
13839	8
13852	8
13855	8
13900	9
13903	6
13914	6
13938	7
13955	10
13989	8
14009	10
14019	9
14024	8
14046	10
14059	7
14099	7
14114	7
14134	7
14197	6
14198	7
14199	8
14263	8
14265	5
14275	10
14285	8
14323	8
14328	9
14357	8
14361	10
14396	7
14422	9
14432	6
14442	10
14443	8
14474	6
14498	9
14511	9
14542	7
14548	9
14574	8
14577	10
14578	8
14590	9
14597	5
14625	7
14633	8
14636	6
14653	7
14679	7
14685	8
14716	8
14729	4
14733	6
14734	9
14748	6
14753	4
14758	6
14790	9
14803	6
14821	10
14873	8
14874	7
14889	6
14896	9
14900	6
14901	9
14918	9
14921	8
14922	7
14943	7
14944	6
14945	8
14952	8
14971	7
15043	8
15048	7
15049	4
15060	8
15071	10
15078	9
