2	6
19	6
24	6
34	8
36	8
57	8
64	6
76	8
77	6
96	6
103	6
112	6
116	8
120	6
125	8
126	6
139	6
144	7
157	10
173	8
203	8
209	6
212	4
215	8
229	6
242	8
256	6
259	7
268	8
282	6
294	6
309	6
310	8
340	6
344	10
350	6
381	10
393	6
405	6
409	10
419	6
426	1
432	6
433	8
438	2
465	7
472	8
473	6
488	8
493	6
494	6
496	8
506	6
523	6
524	6
526	6
533	8
537	8
541	6
543	8
553	6
556	6
558	6
562	10
567	8
574	8
577	8
634	6
642	8
645	6
655	6
657	2
661	8
691	8
719	10
721	8
739	4
762	6
769	6
775	8
790	8
803	6
812	8
827	8
836	8
875	6
886	8
892	6
900	6
909	8
914	8
917	6
918	8
922	6
924	6
930	10
932	8
951	10
952	8
986	8
996	10
997	8
998	4
1006	6
1020	8
1043	10
1051	6
1057	6
1058	6
1059	8
1071	6
1073	6
1080	4
1091	6
1097	10
1098	6
1124	4
1129	8
1143	6
1147	6
1183	10
1195	6
1207	6
1212	6
1217	10
1224	5
1232	8
1238	6
1247	8
1250	4
1265	6
1274	6
1279	8
1288	1
1294	7
1296	6
1297	8
1315	8
1331	4
1333	4
1340	6
1381	6
1386	8
1390	6
1394	8
1406	6
1409	6
1419	3
1422	6
1429	6
1433	6
1437	6
1444	8
1467	2
1479	5
1481	10
1485	9
1486	6
1506	6
1511	8
1534	6
1546	5
1549	6
1570	10
1577	4
1594	6
1595	8
1599	6
1602	8
1615	8
1618	8
1665	10
1677	8
1679	6
1694	6
1707	8
1712	6
1715	10
1752	8
1765	8
1813	8
1814	6
1818	6
1821	10
1825	6
1860	6
1878	8
1883	6
1887	6
1895	2
1905	6
1916	6
1918	4
1921	8
1924	8
1938	8
1939	8
1968	6
1994	6
2002	4
2003	6
2044	4
2053	6
2054	6
2062	6
2088	10
2089	8
2093	6
2096	2
2110	8
2123	6
2134	6
2150	6
2155	4
2183	6
2202	6
2204	7
2208	6
2225	8
2231	6
2252	6
2266	6
2268	8
2271	9
2298	8
2304	2
2313	10
2317	8
2325	8
2329	6
2358	8
2363	4
2372	8
2383	8
2385	6
2396	8
2398	7
2425	4
2457	6
2467	4
2468	8
2484	8
2490	6
2494	6
2498	8
2508	6
2519	6
2533	10
2537	6
2538	10
2567	8
2581	6
2582	10
2594	8
2602	6
2615	4
2623	8
2628	6
2635	6
2636	6
2637	8
2641	8
2661	4
2668	8
2692	4
2701	8
2702	6
2744	4
2751	8
2756	4
2758	6
2759	8
2768	4
2774	2
2783	4
2784	5
2787	6
2797	8
2801	6
2804	6
2808	6
2813	6
2817	6
2821	4
2823	8
2833	8
2845	6
2852	5
2871	8
2875	8
2882	4
2886	4
2893	6
2900	6
2903	6
2911	6
2916	6
2917	10
2921	8
2927	6
2932	6
2936	7
2946	8
2954	6
2974	6
2976	6
2986	8
2994	6
2999	6
3001	6
3012	8
3030	6
3041	6
3052	8
3061	4
3066	4
3083	4
3087	6
3095	4
3098	6
3152	8
3164	6
3167	8
3172	6
3174	6
3189	8
3194	6
3199	6
3210	6
3219	4
3225	6
3233	4
3243	8
3284	6
3301	8
3309	6
3321	8
3325	6
3333	6
3334	2
3342	4
3345	10
3366	6
3405	6
3409	6
3430	10
3436	6
3437	10
3443	8
3452	8
3453	8
3461	8
3462	8
3471	6
3474	6
3476	8
3514	8
3523	8
3525	6
3543	8
3550	6
3561	2
3567	8
3573	6
3578	8
3587	6
3592	4
3603	6
3605	6
3607	6
3623	6
3643	6
3646	6
3657	8
3660	6
3679	6
3681	6
3685	6
3687	8
3694	8
3695	8
3696	6
3725	6
3726	8
3732	6
3753	8
3762	6
3767	6
3773	8
3782	8
3789	6
3793	3
3798	8
3807	6
3810	4
3817	7
3827	6
3846	6
3849	8
3850	6
3870	6
3876	10
3880	6
3891	6
3894	6
3896	6
3905	6
3912	8
3925	8
3927	8
3935	6
3936	10
3940	6
3941	8
3949	6
3991	4
4014	10
4027	8
4031	10
4032	8
4038	6
4040	10
4043	2
4051	6
4058	6
4060	6
4074	8
4093	6
4100	2
4113	4
4124	8
4127	6
4130	6
4153	6
4160	6
4167	6
4173	6
4182	6
4223	8
4227	6
4228	6
4256	8
4262	6
4278	10
4293	8
4297	6
4305	6
4317	4
4328	4
4333	8
4336	6
4342	5
4344	2
4355	8
4360	8
4368	8
4373	6
4393	6
4403	7
4428	4
4439	6
4440	6
4441	4
4443	2
4457	4
4469	4
4471	8
4472	6
4475	6
4490	8
4496	6
4497	2
4500	8
4512	8
4519	6
4523	8
4529	6
4538	7
4556	6
4562	6
4586	6
4588	6
4592	8
4614	6
4618	8
4630	6
4658	8
4663	8
4669	8
4687	8
4690	10
4701	6
4718	6
4745	10
4748	6
4749	2
4760	8
4776	6
4783	4
4808	6
4824	6
4896	8
4909	8
4930	6
4937	6
4940	6
4942	6
4954	5
4961	8
4967	8
4972	8
4975	8
4980	6
4984	10
4985	6
4999	8
5005	8
5009	6
5011	2
5023	8
5030	8
5068	8
5085	6
5098	8
5101	10
5112	4
5125	6
5146	6
5150	8
5153	6
5162	6
5163	10
5169	6
5170	8
5171	10
5174	3
5182	6
5191	6
5194	8
5198	6
5203	9
5206	8
5224	6
5226	6
5227	6
5249	8
5254	8
5264	6
5265	6
5266	6
5294	6
5298	6
5311	6
5316	6
5318	6
5326	6
5328	6
5335	6
5350	8
5356	6
5357	6
5361	8
5364	8
5376	8
5394	8
5401	8
5417	8
5424	10
5431	6
5432	6
5442	8
5466	6
5495	6
5498	10
5504	6
5509	8
5517	6
5522	6
5526	5
5531	8
5539	6
5541	6
5558	6
5579	8
5588	6
5589	8
5604	10
5609	8
5612	6
5613	4
5622	2
5630	6
5636	10
5640	8
5649	6
5661	6
5667	7
5678	8
5689	6
5694	4
5707	6
5708	8
5711	10
5717	4
5718	6
5730	6
5731	10
5744	6
5752	6
5755	8
5761	8
5764	8
5765	6
5769	6
5770	6
5773	6
5783	6
5787	6
5798	6
5817	6
5836	8
5842	10
5864	4
5875	8
5904	6
5925	6
5927	6
5939	6
5941	8
5949	8
5955	6
5960	8
5973	6
5983	7
5986	6
5996	8
6015	6
6019	6
6026	6
6032	6
6043	2
6053	6
6061	6
6066	8
6069	8
6084	10
6094	8
6098	2
6101	6
6107	8
6111	8
6121	6
6147	6
6153	5
6156	6
6159	2
6170	8
6174	6
6191	10
6196	6
6197	6
6201	6
6212	6
6214	10
6215	6
6217	6
6227	9
6229	8
6242	4
6255	6
6261	6
6263	8
6267	6
6273	4
6278	8
6287	8
6304	8
6307	6
6322	1
6325	6
6331	8
6398	6
6402	6
6408	10
6409	4
6428	6
6437	6
6438	6
6446	6
6462	8
6478	6
6484	6
6491	6
6508	6
6529	6
6534	8
6538	10
6539	7
6548	6
6550	6
6556	8
6568	6
6581	6
6583	6
6586	10
6612	6
6619	6
6624	8
6629	3
6647	6
6653	6
6656	10
6660	8
6671	6
6678	7
6682	6
6683	10
6689	6
6694	6
6705	6
6716	8
6718	6
6727	8
6736	8
6749	8
6757	5
6771	6
6774	6
6778	8
6787	5
6794	6
6799	8
6802	6
6804	6
6820	6
6833	8
6836	5
6856	8
6865	2
6875	10
6882	6
6887	4
6890	7
6900	6
6921	6
6922	8
6923	4
6932	7
6940	6
6947	8
6948	6
6949	6
6952	6
6956	6
6957	8
6971	6
6979	8
6987	8
6992	7
7021	6
7025	6
7074	8
7078	4
7080	6
7104	10
7116	8
7124	10
7127	6
7154	4
7159	6
7161	6
7169	8
7176	6
7185	8
7213	6
7216	4
7220	8
7223	6
7225	6
7233	6
7237	2
7242	4
7244	6
7245	8
7259	6
7276	6
7291	4
7300	6
7301	4
7304	5
7307	8
7310	6
7311	10
7316	6
7319	8
7321	6
7324	4
7327	2
7334	6
7354	6
7378	6
7384	6
7387	10
7388	6
7406	8
7409	6
7414	6
7419	8
7429	6
7434	8
7439	2
7450	6
7454	8
7464	6
7468	8
7471	4
7472	7
7473	8
7474	2
7486	6
7489	6
7503	6
7526	6
7532	6
7543	8
7567	8
7569	8
7585	5
7591	6
7593	6
7614	8
7619	6
7626	6
7632	8
7638	6
7642	10
7657	6
7662	8
7663	10
7667	6
7680	8
7681	6
7686	8
7698	8
7719	6
7770	8
7774	7
7784	8
7788	6
7795	8
7799	8
7802	8
7809	4
7818	10
7822	10
7829	4
7836	8
7838	4
7843	10
7854	6
7856	4
7862	8
7867	6
7876	6
7882	6
7883	6
7888	6
7900	6
7907	6
7928	2
7931	10
7950	6
7954	6
7958	8
7960	4
7981	8
7989	2
7994	6
8000	8
8018	6
8022	8
8037	6
8041	6
8044	6
8045	6
8048	5
8067	6
8072	10
8085	6
8090	6
8101	4
8139	6
8143	6
8149	10
8150	6
8151	8
8152	6
8156	6
8159	4
8188	6
8190	8
8210	6
8218	6
8232	8
8241	6
8260	4
8265	1
8272	8
8283	10
8297	6
8300	6
8338	6
8344	6
8358	6
8362	6
8370	8
8375	6
8394	6
8413	6
8416	8
8430	6
8452	6
8476	7
8480	6
8505	6
8532	8
8542	6
8562	10
8563	5
8576	8
8583	5
8587	10
8592	10
8594	6
8612	6
8614	9
8616	6
8622	6
8642	8
8647	6
8651	5
8663	6
8676	4
8692	6
8697	8
8718	6
8729	8
8734	6
8748	8
8765	6
8783	6
8790	8
8811	6
8819	6
8820	8
8829	6
8831	10
8834	8
8835	6
8844	8
8849	6
8860	8
8867	6
8870	8
8879	10
8890	8
8892	7
8910	8
8915	10
8921	4
8945	6
8957	8
8973	6
8974	6
8979	10
9008	4
9013	4
9024	6
9035	8
9046	6
9055	4
9060	6
9085	8
9086	6
9126	7
9128	8
9147	8
9149	6
9152	10
9161	7
9162	6
9176	8
9202	6
9217	6
9224	8
9230	8
9233	2
9247	6
9250	6
9257	8
