2	6
8	6
11	8
18	6
30	8
34	6
36	4
45	8
56	5
57	6
65	4
100	4
124	8
126	4
138	6
139	8
144	5
149	5
160	4
183	8
187	7
196	10
209	6
210	8
214	6
215	4
253	4
259	4
262	8
267	4
271	6
274	6
275	4
276	4
292	5
296	6
297	6
300	4
303	5
307	8
310	6
341	4
358	8
371	6
395	8
407	8
411	8
417	5
419	6
424	6
426	4
433	4
434	6
438	8
440	8
450	4
452	10
459	4
469	10
480	2
485	6
508	5
509	8
513	4
527	6
533	6
535	6
541	8
543	8
558	6
566	7
572	6
579	4
585	4
594	10
601	8
633	5
634	8
647	8
650	2
657	4
679	6
680	6
683	7
691	8
704	8
716	2
738	10
739	6
742	7
754	6
772	2
773	2
788	6
796	8
798	6
804	2
820	7
823	6
838	8
857	9
863	4
867	6
874	7
885	6
886	2
890	8
898	6
908	10
911	6
915	8
918	10
922	8
952	6
957	8
1011	4
1018	4
1021	4
1026	4
1055	10
1072	9
1073	8
1075	6
1088	4
1106	5
1109	8
1126	8
1128	6
1129	6
1132	8
1139	5
1143	6
1169	8
1174	5
1177	6
1178	7
1181	8
1224	5
1239	2
1254	8
1265	8
1271	6
1288	4
1296	6
1299	8
1302	7
1315	10
1321	6
1331	6
1333	4
1337	3
1350	6
1377	6
1378	6
1383	6
1391	8
1392	7
1395	4
1401	8
1406	6
1407	6
1408	3
1413	6
1419	1
1422	4
1431	6
1433	6
1435	6
1440	9
1466	7
1467	5
1479	6
1480	5
1481	8
1498	6
1531	3
1532	6
1534	6
1547	6
1550	6
1557	4
1558	6
1567	8
1585	6
1586	10
1596	6
1639	7
1651	7
1672	6
1689	4
1701	2
1712	4
1724	6
1741	7
1750	7
1751	6
1763	6
1781	9
1792	6
1805	4
1818	7
1829	10
1846	4
1854	4
1860	5
1861	6
1874	2
1875	8
1878	8
1880	4
1883	6
1885	4
1887	8
1888	6
1915	6
1918	6
1937	8
1945	8
1954	6
1962	6
1963	4
1977	6
1981	7
1988	6
1991	6
1992	6
2012	7
2017	5
2034	5
2050	4
2052	6
2053	3
2067	8
2072	6
2099	6
2116	6
2122	3
2134	6
2150	6
2154	5
2160	8
2162	5
2181	5
2208	6
2215	5
2224	2
2227	10
2232	8
2233	4
2237	4
2238	8
2254	6
2258	4
2275	6
2281	5
2298	6
2304	8
2306	8
2313	8
2322	8
2325	5
2335	6
2341	6
2342	5
2354	6
2364	6
2385	8
2398	5
2402	5
2413	10
2424	8
2426	8
2429	1
2431	6
2434	8
2452	6
2455	7
2466	10
2467	2
2468	6
2469	6
2505	5
2513	7
2517	4
2522	4
2536	4
2540	8
2542	6
2568	6
2570	2
2573	2
2574	7
2576	6
2596	4
2604	5
2612	4
2619	5
2620	8
2632	6
2634	8
2637	6
2641	8
2649	4
2652	6
2661	8
2676	7
2686	4
2692	4
2696	8
2698	5
2708	10
2709	6
2720	4
2741	6
2745	6
2755	8
2756	7
2765	8
2783	2
2784	6
2810	8
2812	7
2813	6
2821	4
2823	4
2847	6
2852	5
2859	7
2872	2
2875	10
2879	3
2887	6
2889	6
2891	7
2909	7
2920	6
2930	5
2936	6
2958	6
2969	8
3001	6
3002	8
3015	6
3019	8
3022	6
3030	8
3032	4
3057	7
3061	4
3067	4
3070	4
3084	6
3086	6
3089	2
3091	9
3103	5
3104	5
3105	10
3110	5
3114	6
3119	4
3129	8
3142	6
3148	8
3149	4
3157	6
3159	6
3163	4
3170	6
3174	6
3182	6
3189	4
3190	3
3199	4
3200	4
3219	6
3220	6
3233	4
3240	7
3249	2
3250	6
3263	8
3285	6
3288	6
3290	7
3298	5
3299	4
3301	4
3304	6
3313	8
3317	8
3325	5
3334	4
3335	6
3336	6
3346	10
3347	8
3350	6
3366	4
3396	6
3411	2
3414	6
3417	3
3426	4
3427	6
3428	2
3429	6
3434	4
3440	6
3462	8
3463	4
3475	4
3477	6
3483	4
3492	8
3507	6
3523	10
3525	3
3526	6
3540	7
3544	6
3592	4
3594	6
3595	7
3620	6
3624	4
3627	8
3641	8
3644	8
3646	7
3652	4
3658	6
3659	6
3664	5
3671	2
3678	8
3686	6
3687	8
3688	3
3691	4
3692	5
3721	8
3722	4
3733	10
3754	6
3791	6
3793	6
3810	2
3817	7
3829	8
3842	5
3849	7
3855	6
3865	6
3873	10
3880	6
3886	6
3887	4
3901	8
3907	6
3913	10
3942	2
3956	2
3991	3
4012	6
4020	8
4033	7
4043	2
4052	4
4056	5
4065	4
4066	4
4078	6
4092	4
4099	6
4112	8
4117	10
4119	4
4120	6
4129	7
4133	6
4177	3
4182	2
4214	6
4217	6
4226	3
4227	6
4228	8
4229	2
4233	8
4242	5
4272	5
4289	6
4310	2
4312	2
4317	3
4322	6
4335	6
4337	10
4345	2
4363	8
4364	7
4368	8
4373	6
4391	4
4401	5
4403	5
4413	8
4432	6
4449	6
4456	4
4457	2
4458	8
4459	8
4461	2
4475	6
4494	8
4497	2
4508	8
4509	4
4512	6
4513	5
4517	10
4523	6
4524	10
4526	4
4529	4
4534	7
4538	10
4549	7
4554	8
4557	6
4578	6
4586	6
4587	8
4596	6
4610	6
4612	6
4616	7
4626	6
4635	4
4658	8
4685	4
4697	8
4698	2
4720	5
4741	4
4747	6
4748	8
4751	6
4760	8
4776	4
4783	4
4785	10
4812	4
4818	7
4827	5
4828	4
4833	5
4839	6
4844	10
4880	8
4888	6
4895	9
4917	8
4923	6
4924	4
4928	6
4942	6
4951	5
4954	4
4958	4
4965	6
4968	6
4982	6
5003	8
5012	8
5018	3
5027	6
5030	6
5036	4
5039	7
5044	8
5050	6
5061	5
5084	6
5085	6
5094	10
5103	6
5112	2
5113	8
5118	6
5129	8
5134	4
5136	5
5138	4
5142	4
5153	8
5159	4
5168	6
5174	1
5176	8
5191	8
5192	6
5194	6
5201	6
5202	8
5218	4
5225	2
5226	4
5231	9
5232	4
5241	6
5243	10
5247	2
5262	2
5275	6
5279	4
5296	6
5300	6
5314	8
5328	4
5329	4
5339	6
5357	8
5365	4
5376	10
5395	6
5396	5
5403	4
5418	4
5425	7
5442	6
5445	8
5451	4
5454	6
5459	6
5461	7
5477	6
5479	8
5481	6
5485	6
5488	6
5495	7
5509	6
5519	6
5524	4
5542	6
5546	8
5552	6
5557	8
5561	7
5579	8
5580	4
5591	6
5604	10
5609	10
5622	4
5640	10
5646	4
5661	6
5667	6
5669	2
5670	7
5678	8
5679	4
5708	8
5709	4
5711	10
5716	2
5730	6
5735	8
5738	7
5741	6
5744	6
5747	8
5760	6
5776	6
5777	6
5787	7
5791	4
5794	6
5795	6
5804	6
5835	6
5836	9
5840	5
5846	3
5849	5
5857	4
5858	4
5875	6
5884	6
5888	6
5889	10
5890	5
5908	6
5913	7
5917	6
5925	5
5933	7
5939	4
5944	6
5950	10
5954	6
5963	7
5971	4
5975	2
5981	4
5983	6
6009	6
6014	10
6017	8
6018	4
6043	2
6046	4
6047	6
6057	1
6063	1
6072	6
6087	8
6093	4
6094	6
6104	6
6108	8
6113	6
6114	3
6137	6
6139	8
6150	5
6161	4
6162	3
6163	4
6172	5
6179	4
6203	9
6204	7
6209	8
6218	2
6227	8
6232	5
6236	6
6239	6
6245	2
6250	10
6253	7
6256	6
6260	10
6264	8
6273	4
6276	5
6277	6
6285	6
6287	6
6292	10
6331	8
6336	2
6352	6
6353	4
6365	6
6384	6
6387	6
6391	4
6393	6
6395	6
6399	8
6405	8
6407	4
6408	8
6414	6
6415	1
6416	8
6418	6
6423	2
6426	5
6441	6
6443	3
6446	4
6448	5
6459	7
6460	6
6477	7
6491	6
6494	6
6497	4
6500	6
6508	6
6512	2
6516	8
6528	4
6532	9
6550	7
6567	8
6568	10
6571	5
6581	6
6582	9
6587	6
6589	6
6596	10
6605	7
6609	6
6610	6
6620	4
6623	8
6624	8
6629	6
6634	2
6653	6
6656	8
6671	6
6695	6
6696	8
6705	6
6708	7
6743	8
6745	6
6749	8
6757	6
6774	8
6795	4
6804	2
6812	8
6814	8
6819	6
6825	4
6841	4
6844	8
6854	7
6867	10
6885	8
6890	6
6893	6
6905	6
6909	2
6922	6
6925	1
6937	6
6941	4
6948	8
6949	6
6953	6
6959	3
6971	6
6980	6
6991	6
6992	6
6999	3
7001	8
7006	6
7035	6
7040	7
7046	6
7061	5
7075	6
7078	6
7086	8
7089	8
7093	8
7104	10
7109	6
7127	8
7145	4
7161	10
7195	6
7196	5
7208	10
7212	3
7213	6
7216	6
7217	7
7218	4
7220	6
7225	8
7241	6
7245	10
7259	8
7282	6
7286	6
7304	3
7305	6
7315	5
7317	8
7319	6
7320	8
7321	6
7323	6
7353	4
7354	4
7360	6
7375	8
7380	2
7384	8
7385	8
7390	4
7396	4
7410	5
7414	6
7417	8
7426	8
7427	9
7471	4
7472	2
7494	6
7498	8
7503	8
7507	4
7508	5
7527	4
7531	6
7532	6
7534	6
7539	6
7545	3
7554	2
7570	8
7576	4
7580	6
7582	4
7585	2
7587	7
7590	8
7610	5
7612	2
7618	3
7619	7
7624	2
7629	8
7640	6
7643	8
7653	6
7660	5
7674	6
7676	4
7678	8
7681	6
7699	4
7707	10
7708	6
7721	6
7741	6
7745	10
7757	7
7766	4
7774	8
7785	4
7795	6
7809	2
7832	10
7838	8
7849	4
7878	4
7909	6
7922	6
7936	10
7943	6
7945	10
7946	8
7958	4
7969	8
7972	8
7977	2
7979	5
7989	4
7992	10
8018	4
8019	6
8033	6
8039	10
8041	6
8047	10
8048	7
8050	6
8056	6
8058	7
8060	8
8063	8
8067	4
8073	4
8087	4
8100	4
8105	6
8111	9
8115	8
8136	5
8145	4
8147	7
8152	6
8156	8
8159	4
8164	7
8172	8
8173	4
8176	6
8179	8
8181	3
8186	5
8199	6
8208	4
8231	2
