7	8
8	10
11	6
34	8
36	6
51	8
56	8
66	8
78	7
81	8
122	10
124	7
125	10
126	6
138	8
143	10
144	9
149	8
174	4
175	10
179	10
182	6
186	10
192	9
198	10
201	2
212	8
215	8
219	6
230	10
234	8
248	8
253	6
254	9
267	6
274	8
275	8
276	8
289	7
292	9
296	7
310	6
314	8
318	9
323	10
345	8
351	8
353	9
361	8
368	8
397	8
407	8
408	10
414	9
417	8
419	10
424	10
426	7
435	9
437	6
450	6
463	6
465	9
466	9
470	9
476	7
479	6
482	7
487	8
493	7
496	8
501	8
503	7
509	10
513	8
541	6
545	10
552	9
555	9
560	9
572	9
579	8
582	8
585	8
591	6
603	6
621	9
627	8
633	9
634	10
657	10
659	7
662	8
665	7
672	4
688	10
695	8
698	9
705	10
714	6
716	4
723	10
739	6
745	8
747	2
765	8
767	8
772	8
773	8
777	4
794	5
801	5
820	8
826	7
840	6
863	10
867	4
869	10
885	10
886	8
906	8
915	6
925	9
936	8
948	8
950	8
966	8
967	7
971	10
977	10
1008	8
1018	7
1039	10
1045	7
1047	6
1048	10
1060	10
1075	8
1084	10
1088	6
1090	10
1131	3
1132	10
1139	10
1160	8
1162	8
1169	9
1174	6
1185	8
1198	7
1206	8
1224	5
1225	8
1231	10
1233	8
1236	9
1237	10
1265	10
1270	10
1281	8
1287	2
1288	10
1294	7
1297	10
1301	6
1302	10
1304	4
1305	8
1320	10
1326	8
1331	10
1333	8
1334	8
1336	8
1337	5
1352	10
1355	9
1367	8
1377	10
1378	9
1398	9
1404	10
1406	6
1407	4
1408	10
1410	8
1419	5
1423	8
1425	4
1445	4
1450	2
1466	10
1467	8
1469	8
1473	6
1479	6
1480	5
1482	8
1484	6
1485	8
1488	10
1499	9
1500	10
1523	8
1531	8
1532	7
1536	8
1547	8
1552	8
1556	6
1559	6
1562	8
1569	10
1580	10
1590	7
1624	6
1630	10
1637	6
1650	8
1652	8
1654	6
1669	10
1689	8
1697	8
1708	2
1713	10
1724	8
1731	8
1741	6
1751	7
1756	10
1761	8
1762	6
1771	6
1775	9
1786	1
1805	8
1811	9
1817	8
1830	8
1847	6
1854	9
1858	10
1860	7
1861	8
1866	7
1869	10
1871	7
1874	10
1880	10
1883	8
1887	8
1888	10
1898	4
1904	8
1908	3
1918	4
1922	6
1930	8
1932	7
1936	7
1945	7
1966	7
1981	9
1988	7
2028	10
2038	6
2050	10
2053	8
2063	10
2094	10
2116	8
2134	6
2146	6
2152	10
2154	6
2164	10
2165	2
2167	6
2168	10
2180	8
2186	8
2192	8
2196	8
2204	6
2213	10
2215	5
2218	7
2220	8
2233	8
2238	8
2243	10
2258	9
2276	10
2281	10
2287	7
2295	2
2304	4
2324	9
2326	10
2330	10
2361	4
2385	9
2402	8
2404	10
2407	9
2414	3
2417	8
2424	8
2425	6
2428	7
2429	7
2433	6
2438	10
2448	9
2454	10
2468	2
2471	6
2485	8
2491	7
2500	9
2505	10
2513	8
2515	10
2517	7
2522	2
2523	4
2527	5
2534	8
2536	7
2542	6
2548	10
2552	8
2556	4
2567	6
2574	8
2583	2
2596	10
2610	10
2621	6
2631	2
2632	8
2641	8
2643	8
2649	8
2661	6
2662	5
2665	8
2675	8
2684	10
2685	8
2686	4
2692	10
2706	7
2720	4
2730	8
2731	10
2736	8
2747	8
2756	7
2765	4
2771	8
2780	10
2784	8
2785	8
2798	4
2801	10
2802	8
2813	7
2820	8
2821	4
2828	8
2848	6
2852	7
2853	9
2858	10
2861	10
2863	10
2872	10
2879	10
2883	2
2890	8
2891	8
2892	7
2895	9
2925	6
2929	7
2936	7
2940	8
2942	8
2945	9
2949	6
2963	6
2991	10
3001	8
3010	8
3016	3
3022	10
3025	6
3030	6
3034	7
3041	4
3057	9
3061	8
3067	10
3068	9
3084	10
3086	7
3089	4
3104	4
3110	5
3119	8
3126	8
3129	6
3137	8
3139	10
3145	6
3148	7
3149	7
3157	8
3163	2
3171	8
3174	6
3182	8
3197	7
3202	7
3219	6
3220	8
3221	10
3247	8
3254	6
3257	6
3263	4
3265	8
3270	10
3285	6
3296	2
3299	9
3301	6
3304	9
3305	10
3310	10
3313	9
3319	10
3325	6
3334	6
3336	6
3350	8
3352	8
3366	6
3372	8
3377	10
3383	6
3387	10
3388	10
3391	8
3392	10
3393	6
3420	10
3426	10
3434	10
3435	9
3448	6
3450	10
3454	8
3462	10
3464	10
3466	4
3483	6
3485	8
3492	2
3504	4
3525	8
3527	10
3534	6
3535	4
3539	10
3545	10
3546	10
3573	9
3579	8
3584	7
3595	8
3599	9
3611	1
3625	8
3629	9
3635	9
3638	8
3639	8
3647	9
3652	4
3658	8
3664	8
3684	10
3687	8
3691	10
3698	8
3706	8
3727	10
3754	10
3755	8
3761	8
3778	7
3783	10
3784	9
3790	8
3791	10
3793	9
3797	10
3805	8
3810	7
3813	6
3816	8
3817	8
3830	6
3847	8
3865	7
3867	9
3881	5
3889	8
3898	10
3922	8
3930	4
3937	8
3941	10
3956	6
3977	10
3985	9
3986	10
4000	6
4001	7
4007	8
4009	2
4010	10
4020	10
4026	8
4028	4
4030	6
4040	8
4051	2
4056	8
4078	6
4098	10
4099	7
4105	9
4111	10
4113	5
4114	8
4120	9
4129	7
4153	10
4156	10
4177	8
4182	10
4191	8
4192	8
4197	10
4198	10
4218	9
4229	6
4233	8
4242	7
4251	6
4257	6
4258	9
4263	8
4268	8
4285	8
4289	8
4312	5
4322	8
4329	8
4335	8
4341	2
4347	9
4350	10
4352	2
4358	10
4361	4
4364	6
4368	4
4373	10
4375	6
4377	8
4385	10
4391	6
4395	8
4403	10
4409	6
4415	6
4432	7
4436	8
4450	9
4458	4
4459	8
4461	10
4466	10
4474	9
4487	9
4499	10
4503	10
4511	10
4513	8
4514	7
4520	10
4523	6
4525	8
4549	8
4568	8
4578	6
4594	10
4596	6
4598	7
4601	9
4604	9
4606	10
4612	8
4616	8
4621	6
4623	9
4627	10
4635	8
4642	4
4647	10
4650	10
4651	6
4657	8
4658	10
4664	10
4665	6
4671	8
4675	10
4685	9
4688	8
4715	7
4716	7
4720	8
4724	10
4734	9
4748	6
4761	6
4766	6
4778	6
4783	8
4787	9
4799	6
4810	10
4815	10
4816	4
4827	10
4841	10
4856	5
4868	6
4873	8
4884	9
4910	4
4911	4
4912	9
4920	7
4928	6
4945	2
4954	3
4964	4
4973	5
4993	6
5000	6
5026	8
5039	9
5045	4
5062	5
5078	4
5085	9
5089	6
5100	8
5104	3
5107	8
5110	5
5112	8
5116	8
5118	8
5134	10
5138	7
5142	8
5149	10
5168	9
5174	7
5208	2
5217	6
5221	10
5226	10
5227	7
5239	8
5244	6
5247	10
5255	8
5262	8
5266	8
5275	6
5280	10
5301	10
5307	10
5327	4
5328	6
5329	7
5353	7
5365	8
5367	8
5383	10
5396	9
5409	6
5411	10
5414	7
5425	6
5446	10
5457	6
5458	10
5459	4
5467	10
5469	8
5474	6
5480	9
5495	8
5508	7
5510	9
5515	10
5523	4
5525	10
5534	8
5539	8
5545	6
5546	9
5552	9
5557	6
5567	10
5570	9
5575	9
5580	8
5584	6
5591	10
5598	8
5600	7
5601	6
5602	8
5615	8
5617	9
5631	8
5632	6
5641	10
5657	10
5660	10
5667	10
5669	10
5671	7
5678	2
5683	8
5687	10
5694	10
5703	10
5712	5
5715	7
5720	8
5721	8
5722	9
5738	9
5744	8
5760	8
5762	10
5763	10
5766	4
5779	6
5780	8
5781	5
5791	8
5798	10
5806	8
5807	8
5829	8
5834	2
5840	8
5841	9
5843	4
5846	8
5855	8
5858	7
5866	2
5873	6
5884	6
5886	10
5888	6
5890	8
5892	8
5900	8
5913	8
5917	6
5925	7
5929	4
5931	10
5933	9
5946	6
5954	7
5955	10
5965	9
5969	10
5972	10
5981	10
5998	10
6014	9
6018	8
6042	6
6043	8
6055	6
6070	10
6087	3
6094	10
6103	6
6113	8
6115	10
6117	9
6126	6
6145	4
6150	9
6157	10
6161	6
6163	8
6172	9
6173	8
6187	10
6188	8
6204	6
6214	10
6224	9
6237	4
6250	6
6269	6
6272	8
6273	4
6275	10
6276	8
6280	10
6283	10
6290	10
6294	9
6317	10
6321	4
6331	6
6333	7
6335	4
6338	9
6343	6
6351	10
6352	3
6357	10
6362	10
6369	8
6370	10
6371	8
6374	10
6376	6
6382	8
6387	8
6389	10
6393	9
6406	4
6408	6
6416	6
6418	6
6419	7
6421	10
6424	8
6426	9
6429	10
6453	10
6461	7
6465	8
6466	8
6477	6
6480	10
6481	8
6494	4
6495	10
6497	8
6498	10
6508	8
6512	10
6514	6
6550	3
6569	8
6576	10
6581	8
6603	8
6605	6
6614	6
6624	6
6625	9
6629	10
6644	9
6656	10
6661	6
6671	6
6680	9
6685	10
6716	1
6717	8
6743	6
6757	6
6758	6
6761	6
6770	6
6776	10
6785	9
6796	7
6806	9
6810	10
6830	8
6836	2
6839	10
6846	10
6854	9
6856	10
6860	8
6880	7
6889	10
6890	3
6909	10
6915	10
6925	10
6932	8
6936	8
6939	7
6948	6
6949	8
6953	10
6982	6
6986	9
6994	9
7018	8
7036	10
7054	5
7057	8
7062	9
7075	8
7078	8
7092	10
7099	9
7108	8
7109	8
7127	10
7140	8
7145	10
7147	8
7160	8
7161	10
7181	5
7196	7
7198	7
7211	8
7217	8
7225	8
7227	8
7234	8
7236	10
7240	8
7242	5
7243	10
7247	5
7248	8
7269	8
7270	8
7287	7
7291	8
7295	10
7302	4
7303	8
7304	9
7313	10
7350	8
7353	9
7356	9
7358	10
7359	4
7368	8
7381	8
7384	6
7385	8
7396	6
7403	9
7416	10
7422	10
7423	8
7427	9
7436	8
7455	6
7471	1
7472	7
7490	10
7508	9
7513	6
7514	7
7534	8
