8	9
18	8
19	10
34	6
36	8
67	8
75	7
77	8
80	6
86	2
94	6
118	6
119	6
122	6
125	6
126	6
131	6
135	6
136	6
139	10
144	6
148	6
149	8
160	10
163	8
179	8
203	6
212	8
213	6
215	8
228	4
232	6
249	10
251	8
253	6
254	8
262	8
263	9
265	8
267	7
275	6
276	4
277	4
279	5
281	6
294	8
296	7
305	6
318	8
320	7
324	8
326	8
334	8
341	10
348	8
368	8
395	8
407	8
426	6
432	6
436	6
450	8
456	10
459	7
480	8
481	8
485	2
491	9
494	8
496	8
505	6
506	6
541	8
543	8
553	10
555	8
556	8
561	7
562	6
571	7
586	6
589	8
590	6
604	6
605	8
618	10
621	4
634	8
643	2
645	8
647	6
655	8
657	4
661	10
666	7
675	9
679	4
688	9
691	8
693	6
695	6
714	6
719	4
731	8
735	6
739	4
746	7
757	8
761	8
767	9
771	4
772	8
773	10
785	8
788	9
795	6
798	6
820	9
846	8
871	8
878	6
881	6
885	4
886	4
888	8
891	9
892	8
896	6
933	6
937	8
957	6
963	10
971	3
972	6
986	8
988	8
990	6
1011	6
1018	5
1021	2
1026	5
1029	8
1038	10
1050	8
1057	8
1058	8
1059	8
1070	8
1072	3
1074	8
1123	8
1126	10
1127	10
1132	7
1139	5
1143	10
1147	8
1148	8
1156	8
1171	6
1174	10
1198	6
1204	4
1209	7
1211	6
1214	9
1226	6
1227	8
1236	8
1239	4
1242	10
1254	8
1261	6
1271	8
1287	6
1288	2
1296	4
1302	7
1305	8
1323	6
1326	7
1331	8
1333	8
1345	10
1355	8
1377	8
1378	7
1380	10
1382	10
1391	10
1395	9
1408	6
1409	6
1413	10
1419	2
1425	6
1435	6
1466	9
1468	6
1479	4
1485	8
1486	6
1495	6
1496	8
1499	6
1527	7
1532	8
1534	8
1542	8
1545	8
1552	6
1557	8
1570	10
1583	6
1598	8
1601	6
1628	6
1634	7
1638	6
1664	10
1684	10
1694	8
1711	6
1712	6
1724	4
1737	8
1742	8
1755	9
1760	6
1762	6
1771	9
1783	8
1787	6
1793	5
1805	6
1807	6
1809	6
1819	8
1820	6
1825	6
1832	10
1845	4
1846	8
1854	7
1860	8
1874	10
1878	10
1880	10
1883	8
1886	4
1891	6
1905	6
1906	8
1908	6
1915	7
1916	6
1918	4
1921	4
1928	2
1935	6
1938	6
1945	8
1981	8
1988	6
2034	6
2043	10
2045	7
2046	6
2047	6
2053	5
2054	6
2056	4
2062	10
2066	2
2079	6
2093	8
2107	6
2116	8
2123	6
2127	6
2129	6
2132	4
2134	8
2142	6
2148	6
2154	7
2167	8
2173	6
2182	7
2194	8
2201	4
2204	9
2218	8
2233	8
2237	10
2238	10
2240	10
2266	8
2281	7
2285	8
2291	7
2292	4
2296	8
2300	10
2304	8
2317	6
2321	8
2322	10
2324	5
2330	2
2379	8
2385	8
2387	6
2401	8
2404	10
2411	6
2414	7
2424	6
2428	8
2429	6
2441	6
2445	10
2457	6
2466	6
2470	8
2472	10
2489	8
2498	6
2500	10
2517	8
2536	7
2538	6
2541	2
2544	8
2548	8
2550	8
2566	8
2572	8
2573	8
2581	2
2596	8
2598	6
2613	6
2615	6
2616	2
2623	8
2630	10
2635	4
2641	8
2657	9
2660	6
2667	6
2669	8
2682	8
2689	8
2692	8
2698	8
2700	4
2729	4
2747	8
2780	10
2787	10
2797	10
2799	6
2801	8
2810	6
2817	6
2820	7
2821	4
2825	8
2826	2
2836	8
2845	10
2850	2
2852	7
2860	6
2872	6
2890	8
2895	10
2907	8
2925	8
2931	6
2936	7
2941	10
2943	8
2950	10
2952	9
2961	10
2964	7
2968	6
2993	8
2994	6
2998	8
3013	6
3014	6
3015	6
3022	8
3027	6
3029	6
3030	2
3041	4
3050	10
3052	8
3057	8
3061	8
3067	2
3070	6
3082	6
3086	6
3087	8
3088	2
3089	4
3103	7
3106	7
3108	6
3110	9
3112	6
3118	8
3131	8
3149	5
3157	6
3160	6
3163	8
3171	8
3174	5
3178	6
3182	8
3190	9
3197	6
3210	10
3211	6
3219	10
3220	9
3232	6
3241	10
3250	2
3263	6
3270	6
3274	8
3284	6
3285	8
3286	10
3298	4
3300	10
3313	9
3325	7
3334	6
3336	8
3343	10
3383	8
3388	10
3389	6
3398	6
3409	8
3422	8
3426	10
3428	6
3432	10
3434	8
3442	8
3443	6
3452	8
3462	10
3463	9
3474	6
3476	8
3477	10
3480	10
3496	10
3505	8
3526	5
3537	4
3542	8
3550	8
3565	8
3568	6
3577	8
3592	4
3595	7
3599	9
3605	10
3617	7
3624	4
3631	6
3634	8
3635	5
3668	8
3669	6
3679	6
3681	8
3691	10
3718	8
3725	8
3729	8
3738	8
3747	6
3752	4
3784	9
3789	6
3793	4
3794	8
3810	5
3811	8
3817	8
3829	8
3830	8
3840	4
3845	10
3855	6
3856	8
3860	1
3870	6
3879	6
3887	8
3893	4
3894	6
3904	6
3924	6
3949	6
3957	8
3959	6
3977	9
3978	8
3984	6
3991	6
4007	6
4020	8
4031	6
4033	9
4048	5
4054	8
4057	6
4060	8
4063	10
4065	2
4069	6
4078	7
4081	8
4107	6
4112	6
4114	9
4130	6
4138	6
4172	8
4177	4
4187	8
4218	8
4219	6
4226	10
4228	4
4229	6
4233	7
4245	10
4247	6
4251	8
4263	6
4288	8
4289	8
4302	5
4313	6
4322	6
4332	8
4341	8
4345	6
4347	10
4348	8
4350	8
4352	6
4354	6
4358	8
4364	10
4368	9
4370	6
4383	2
4385	8
4391	10
4393	8
4396	4
4403	8
4426	9
4430	4
4436	8
4443	2
4457	8
4458	10
4460	8
4463	4
4464	6
4469	6
4473	5
4474	7
4494	6
4495	6
4503	8
4514	8
4517	6
4520	8
4521	7
4534	9
4538	7
4549	6
4557	2
4566	10
4587	10
4612	7
4635	8
4652	6
4658	8
4665	8
4669	6
4685	6
4686	8
4697	7
4698	8
4715	7
4738	10
4747	10
4749	2
4761	4
4783	8
4798	4
4799	10
4800	7
4808	8
4819	6
4826	8
4827	6
4838	8
4850	8
4888	6
4917	9
4921	6
4923	8
4942	6
4945	8
4954	3
4966	6
4982	6
4984	10
4999	6
5009	10
5021	10
5030	10
5036	8
5074	6
5085	7
5100	8
5101	10
5115	6
5118	8
5134	10
5135	10
5138	8
5162	10
5167	6
5168	8
5169	6
5174	9
5182	6
5191	10
5192	10
5194	8
5202	4
5204	8
5208	6
5216	6
5217	8
5224	8
5226	6
5241	8
5257	10
5260	4
5262	7
5266	6
5271	6
5279	8
5285	2
5294	6
5296	8
5298	6
5303	8
5305	6
5316	8
5329	8
5340	8
5349	8
5355	6
5356	6
5361	10
5386	6
5392	9
5415	7
5417	6
5425	8
5431	8
5439	7
5451	7
5459	8
5469	10
5474	8
5477	8
5479	8
5480	4
5495	8
5498	8
5508	8
5515	2
5518	8
5532	10
5546	10
5579	10
5590	4
5591	6
5612	6
5633	6
5647	6
5678	4
5689	6
5702	2
5705	10
5738	9
5744	8
5747	7
5749	8
5754	8
5760	5
5764	10
5768	8
5777	6
5779	6
5794	8
5795	10
5797	8
5808	10
5834	4
5836	8
5837	6
5843	8
5855	6
5857	4
5858	7
5872	8
5875	8
5892	8
5901	2
5913	8
5919	8
5922	10
5925	5
5933	7
5955	10
5972	7
5973	8
5974	6
5981	10
5986	6
6014	5
6018	5
6019	6
6043	6
6047	10
6049	10
6067	8
6083	10
6092	6
6101	10
6110	6
6115	8
6117	6
6120	6
6122	8
6128	6
6135	6
6147	8
6148	6
6150	6
6159	1
6160	6
6172	5
6184	8
6188	10
6197	6
6204	7
6218	4
6236	5
6260	6
6261	10
6273	4
6276	8
6277	9
6283	8
6297	6
6317	7
6329	10
6330	8
6349	10
6363	10
6364	8
6365	4
6369	9
6370	6
6371	4
6380	2
6382	6
6387	4
6393	8
6404	6
6426	10
6431	8
6442	8
6446	6
6452	8
6457	8
6459	3
6461	7
6465	6
6466	9
6477	7
6478	6
6497	4
6505	10
6508	6
6511	8
6512	8
6529	6
6537	8
6539	5
6546	2
6552	10
6582	6
6605	10
6611	6
6616	10
6629	7
6654	4
6656	10
6664	6
6671	2
6678	7
6680	8
6685	7
6695	8
6696	4
6713	6
6717	7
6723	8
6734	8
6736	8
6743	6
6745	8
6757	2
6768	6
6774	4
6783	10
6794	6
6801	8
6804	6
6806	9
6814	6
6817	8
6823	6
6825	8
6834	5
6838	8
6845	6
6846	3
6847	6
6850	6
6851	6
6856	6
6870	8
6879	4
6892	8
6905	8
6909	6
6923	6
6932	6
6938	4
6947	8
6949	9
6953	4
6959	8
6971	8
6976	8
6984	6
7001	8
7045	10
7048	8
7061	6
7074	6
7078	6
7092	7
7106	10
7126	8
7127	7
7128	6
7134	6
7145	7
7150	8
7161	8
7181	3
7184	8
7195	4
7216	6
7217	10
7223	6
7225	2
7238	6
7239	10
7270	7
7284	6
7289	6
7300	6
7303	8
7304	5
7315	5
7317	6
7323	7
7327	10
7356	9
7359	6
7368	8
7380	8
7384	6
7387	6
7396	8
7400	10
7408	8
7417	9
7427	10
7434	4
7435	6
7464	8
7471	1
7485	10
7486	6
7488	10
7490	7
7491	10
7494	8
7503	6
7508	7
7534	6
7539	6
7543	4
7566	5
7590	10
7612	6
7613	7
7618	7
7626	2
7643	8
7652	6
7654	4
7655	9
7662	4
7667	6
7668	4
7670	9
7677	7
7678	8
7681	10
7684	8
7686	6
7694	7
7704	3
7707	4
7709	6
7711	4
7721	6
7724	4
7726	8
7757	8
7770	8
7774	3
7777	10
7778	7
7786	7
7790	9
7795	8
7798	10
7805	4
7809	8
7819	6
7821	8
7831	6
7832	6
7844	8
7849	7
7855	10
7856	4
7864	6
7876	6
7892	10
7893	8
7907	8
7916	8
7934	10
7936	10
7954	4
