8	5
34	6
38	9
101	6
112	6
118	6
119	6
125	5
131	4
139	6
144	4
163	2
173	8
189	8
193	6
203	8
213	6
215	8
226	6
232	6
234	5
236	6
249	7
259	8
276	2
281	6
300	6
318	5
340	6
358	6
365	8
381	10
407	8
409	8
410	8
426	8
432	8
456	8
493	8
497	4
506	8
517	8
522	6
529	4
530	8
531	8
533	8
541	8
543	7
556	6
562	10
571	4
581	6
601	6
604	6
621	5
655	8
657	4
665	6
693	10
700	10
719	8
731	6
739	6
745	8
755	6
769	6
795	8
802	10
806	8
812	6
835	10
846	10
870	6
871	6
885	8
886	6
887	8
889	8
891	7
896	6
907	10
915	6
972	10
987	8
1029	10
1057	10
1059	8
1070	6
1083	6
1126	8
1136	9
1139	3
1147	4
1159	10
1185	8
1256	6
1261	8
1265	6
1299	6
1302	7
1309	6
1316	6
1335	8
1340	8
1344	8
1350	6
1364	6
1382	6
1392	7
1406	8
1408	4
1419	6
1420	6
1422	6
1445	6
1446	4
1452	8
1461	5
1468	8
1479	6
1516	7
1534	8
1557	6
1558	1
1570	8
1611	7
1628	6
1632	9
1664	10
1694	6
1700	6
1717	6
1722	10
1724	4
1750	4
1758	4
1782	2
1786	10
1803	8
1807	6
1819	6
1820	6
1844	8
1860	6
1878	8
1883	8
1885	6
1887	8
1890	6
1905	8
1913	8
1921	10
1968	8
1981	6
1992	8
1995	6
2011	6
2017	2
2019	8
2022	8
2035	6
2044	4
2053	6
2054	8
2059	5
2062	4
2066	6
2089	10
2093	6
2096	4
2122	5
2123	8
2134	4
2144	8
2150	6
2154	6
2162	5
2192	8
2204	7
2238	4
2285	8
2291	5
2301	7
2304	4
2317	6
2321	10
2322	8
2339	10
2347	6
2350	8
2361	6
2370	10
2375	8
2379	8
2385	6
2387	6
2439	4
2450	4
2457	6
2468	10
2469	7
2497	8
2498	6
2517	5
2541	2
2547	4
2566	6
2570	10
2581	6
2583	10
2596	4
2612	8
2615	8
2635	10
2640	6
2641	8
2649	6
2659	10
2662	4
2667	6
2682	8
2701	6
2707	8
2723	5
2765	8
2783	2
2787	10
2804	6
2810	8
2817	6
2825	8
2826	6
2833	10
2836	6
2852	8
2861	7
2872	6
2879	7
2882	8
2883	10
2886	6
2916	6
2921	6
2923	8
2940	8
2958	8
2965	10
2974	6
2994	8
2998	8
3030	6
3033	10
3034	7
3040	8
3052	8
3131	6
3138	7
3149	3
3152	6
3163	8
3173	6
3174	1
3178	6
3182	8
3186	7
3199	8
3200	6
3210	6
3227	8
3233	6
3261	8
3284	6
3301	8
3306	4
3325	6
3334	2
3346	6
3350	5
3364	8
3389	6
3399	8
3400	10
3420	8
3426	4
3432	6
3442	6
3466	6
3469	8
3471	8
3474	6
3476	8
3496	6
3536	10
3550	6
3577	8
3591	6
3605	10
3612	6
3631	6
3669	6
3675	6
3679	10
3687	6
3692	3
3694	8
3695	6
3698	8
3706	5
3711	8
3732	6
3737	8
3756	8
3772	6
3794	4
3795	6
3798	6
3810	2
3817	6
3826	6
3827	6
3842	1
3843	8
3870	6
3879	6
3949	6
3974	6
3978	2
3980	2
3991	6
4007	6
4028	10
4038	6
4054	10
4057	6
4077	7
4105	7
4129	7
4148	6
4153	6
4158	10
4210	4
4219	6
4227	8
4228	6
4229	6
4245	8
4251	6
4263	6
4281	6
4308	8
4319	8
4342	6
4343	6
4350	8
4354	8
4359	8
4364	7
4368	8
4383	10
4384	6
4387	8
4393	8
4427	6
4441	6
4448	4
4475	6
4493	6
4495	10
4508	10
4526	6
4530	8
4534	6
4635	4
4651	8
4658	10
4665	8
4669	6
4730	8
4749	2
4763	6
4796	6
4799	6
4819	8
4824	6
4827	7
4856	5
4931	8
4934	6
4942	6
4954	6
4978	8
4984	10
5009	8
5021	6
5024	8
5030	8
5044	8
5052	10
5062	5
5068	8
5074	8
5078	8
5085	5
5100	6
5101	6
5112	2
5120	10
5124	6
5134	6
5137	6
5162	6
5167	8
5168	5
5174	4
5178	5
5182	8
5191	4
5192	6
5194	8
5208	6
5224	8
5262	6
5266	6
5274	6
5294	6
5296	8
5297	7
5298	6
5305	6
5328	6
5329	4
5330	2
5361	8
5384	8
5386	8
5399	8
5417	6
5425	5
5431	6
5441	8
5452	8
5459	8
5466	6
5505	8
5507	5
5510	5
5525	8
5539	6
5562	8
5564	7
5566	8
5579	6
5583	6
5584	8
5601	6
5612	6
5613	8
5619	8
5641	8
5705	2
5707	6
5709	8
5711	10
5744	8
5747	7
5760	5
5761	8
5762	6
5764	10
5768	6
5794	10
5796	7
5797	6
5798	6
5801	6
5807	6
5826	10
5834	8
5837	8
5846	5
5858	4
5867	7
5875	8
5900	4
5917	4
5919	8
5922	8
5927	8
5931	6
5933	7
5939	6
5940	8
5941	6
5955	8
5973	8
5981	2
6009	2
6032	6
6040	6
6043	6
6049	10
6059	8
6066	6
6076	3
6085	6
6097	6
6110	4
6118	8
6121	6
6137	8
6147	8
6148	8
6154	2
6161	6
6162	5
6163	4
6185	8
6201	6
6236	5
6273	2
6297	8
6349	8
6367	8
6380	10
6382	8
6393	7
6399	6
6422	6
6424	10
6426	6
6434	6
6438	6
6446	6
6448	6
6457	7
6470	5
6476	2
6481	6
6498	6
6505	10
6512	8
6514	4
6523	6
6534	6
6540	4
6550	8
6556	6
6564	4
6567	10
6571	7
6581	8
6587	6
6599	6
6649	8
6656	8
6659	8
6664	6
6671	6
6678	7
6680	9
6691	6
6713	8
6743	8
6757	6
6768	6
6794	8
6802	10
6804	4
6814	7
6823	6
6830	6
6832	8
6845	8
6846	5
6847	6
6856	4
6882	8
6890	6
6932	9
6936	6
6964	7
6971	8
6983	3
6984	8
6993	4
6999	5
7001	6
7012	7
7024	8
7028	4
7031	7
7035	5
7037	10
7043	8
7047	8
7074	6
7075	8
7078	3
7104	10
7129	6
7146	3
7157	8
7161	8
7181	2
7195	6
7205	6
7206	8
7217	8
7240	8
7282	1
7291	6
7294	6
7300	4
7303	6
7323	5
7324	7
7334	6
7336	6
7355	6
7359	8
7393	6
7396	6
7434	8
7440	6
7448	7
7454	8
7471	7
7473	8
7497	6
7498	10
7503	10
7525	8
7545	5
7560	4
7568	4
7571	8
7579	6
7592	6
7600	6
7605	10
7626	6
7633	8
7640	7
7645	8
7676	6
7678	8
7696	6
7707	6
7726	8
7757	7
7758	5
7762	7
7774	7
7789	4
7795	8
7797	6
7798	10
7809	4
7814	8
7819	6
7820	4
7836	8
7847	10
7867	6
7892	6
7899	10
7907	6
7912	6
7936	4
7954	6
7960	6
7977	6
7981	4
7989	6
7996	6
8005	10
8018	6
8031	10
8044	6
8048	4
8083	5
8087	6
8102	6
8105	10
8114	4
8143	8
8152	6
8154	8
8156	8
8159	2
8172	10
8188	4
8202	4
8208	4
8229	6
8232	8
8238	6
8249	6
8256	6
8260	6
8262	6
8275	7
8283	10
8287	6
8303	8
8308	1
8323	6
8328	2
8344	6
8352	5
8357	6
8361	6
8369	8
8371	6
8374	6
8375	8
8383	8
8388	6
8391	6
8394	6
8401	6
8411	8
8430	8
8450	6
8471	8
8474	8
8476	7
8480	7
8485	6
8487	6
8488	8
8513	8
8521	5
8530	7
8532	6
8543	9
8558	7
8587	9
8590	6
8594	6
8602	6
8618	6
8622	8
8631	6
8663	8
8674	6
8676	8
8677	8
8678	4
8681	6
8732	10
8734	6
8736	8
8738	5
8739	4
8742	8
8745	8
8763	6
8778	4
8798	8
8806	4
8811	4
8819	8
8830	6
8834	6
8835	6
8837	8
8849	4
8852	6
8870	6
8881	8
8888	6
8892	6
8894	5
8944	10
8949	6
8960	6
8961	4
8968	6
8973	8
8977	5
8988	10
9003	6
9015	8
9041	8
9043	8
9044	1
9060	8
9071	2
9075	6
9116	10
9128	6
9139	5
9140	6
9145	6
9147	8
9152	6
9160	7
9162	6
9176	4
9181	5
9196	6
9212	7
9217	6
9252	6
9278	4
9285	8
9289	10
9306	8
9322	8
9324	6
9328	6
9331	7
9337	6
9350	5
9355	4
9361	10
9368	8
9375	5
9378	4
9435	6
9446	6
9453	8
9469	6
9496	9
9503	2
9511	8
9530	10
9531	8
9547	6
9550	5
9552	6
9554	8
9561	6
9568	10
9591	8
9595	6
9603	6
9683	6
9684	6
9697	8
9701	6
9721	6
9742	6
9743	6
9752	6
9764	6
9804	10
9807	8
9809	6
9827	7
9828	4
9833	6
9863	10
9877	5
9881	8
9904	6
9922	8
9923	10
9924	8
9939	6
9942	6
9947	6
9949	6
9950	4
9953	8
9979	6
10009	8
10011	6
10028	6
10036	5
10042	8
10052	10
10070	6
10095	6
10119	8
10127	2
10132	7
10142	8
10143	10
10157	6
10164	8
10171	6
10172	10
10189	6
10222	8
10230	6
10233	2
10238	6
10242	10
10256	6
10269	6
10292	8
10316	6
10345	10
10346	6
10368	4
10383	6
10398	4
10401	5
10402	9
10428	8
10433	8
10444	9
10453	10
10467	10
10486	6
10493	4
10509	8
10518	6
10540	8
10557	8
10558	6
10575	4
10591	8
10597	8
10606	6
10638	4
10679	7
10684	8
10688	8
10700	8
10708	6
10711	8
10774	10
10813	8
10828	8
10845	6
10848	6
10862	6
10893	6
10897	6
10901	6
10914	8
10924	10
10983	8
10988	8
11022	4
11028	7
11047	10
11050	6
11059	8
11066	6
11072	6
11075	4
11091	6
11106	10
11137	6
11143	6
11146	1
11152	8
11156	10
11157	6
11177	10
11185	6
11187	7
11198	6
11202	8
11210	6
11213	6
11231	10
11242	8
11252	6
11259	4
11310	8
11317	6
11322	8
11333	8
11340	4
11355	10
11364	10
11397	6
11418	6
11467	6
11475	8
11482	10
11510	7
11514	3
11522	8
11525	8
11543	8
11544	8
11569	8
11579	6
11617	6
11618	6
11629	4
11631	7
11638	7
11645	7
11646	8
11656	8
11681	6
11684	10
11699	8
11713	10
11753	10
11758	4
11760	5
