58	8
60	8
61	8
68	8
70	9
78	9
91	8
96	8
103	8
112	6
121	10
124	8
125	10
135	8
136	10
152	8
179	8
182	7
183	8
195	8
203	10
206	10
211	8
215	8
230	10
244	10
263	6
289	8
291	10
310	10
314	8
367	10
410	6
424	8
437	10
463	8
485	8
489	10
500	10
513	10
533	10
542	10
543	8
550	10
555	8
582	10
585	8
599	6
602	10
610	10
621	9
633	7
648	8
651	10
657	8
671	8
678	8
686	8
771	10
780	10
790	10
798	5
805	3
818	10
840	8
843	8
867	8
871	8
878	6
886	8
915	10
946	10
949	8
977	10
988	8
1014	8
1020	8
1075	8
1088	8
1100	10
1101	10
1126	10
1134	10
1161	6
1162	6
1168	8
1176	6
1224	9
1233	10
1242	10
1267	8
1287	6
1297	8
1302	7
1326	9
1327	10
1337	2
1347	10
1352	8
1365	8
1384	10
1390	8
1456	8
1469	7
1482	10
1484	8
1494	8
1518	8
1529	10
1557	10
1578	10
1590	6
1630	10
1633	8
1640	8
1666	10
1702	10
1724	10
1740	10
1745	8
1751	9
1761	10
1769	8
1780	8
1805	7
1810	6
1822	8
1838	10
1841	7
1857	8
1860	6
1861	7
1879	8
1881	7
1918	8
1922	8
2004	8
2066	8
2096	6
2120	8
2129	8
2134	8
2152	10
2204	8
2211	10
2213	6
2233	10
2275	8
2324	8
2325	7
2330	10
2350	6
2361	6
2368	9
2394	8
2424	8
2425	8
2429	8
2438	8
2440	8
2450	10
2460	10
2484	9
2502	10
2503	6
2505	9
2515	10
2522	10
2524	8
2526	6
2534	10
2574	9
2583	10
2596	10
2611	10
2665	9
2672	8
2675	10
2684	8
2686	8
2714	8
2724	8
2739	10
2745	10
2765	8
2775	10
2780	8
2793	9
2799	10
2822	8
2828	10
2846	6
2848	8
2852	8
2853	8
2862	6
2901	8
2903	8
2904	6
2924	8
2930	7
2936	8
2940	8
2942	10
2949	10
2955	10
2969	8
2988	2
3010	8
3014	10
3030	8
3063	8
3067	10
3073	9
3084	8
3089	10
3147	10
3162	10
3163	10
3174	5
3181	6
3200	6
3219	6
3220	8
3228	8
3254	10
3270	9
3301	8
3323	4
3334	10
3346	10
3347	10
3352	10
3356	10
3366	8
3373	10
3388	6
3391	8
3440	6
3462	8
3499	6
3507	8
3512	8
3527	9
3533	8
3544	8
3568	10
3582	8
3584	10
3592	6
3634	8
3646	10
3647	8
3652	8
3669	10
3687	8
3705	10
3709	10
3713	8
3717	7
3721	8
3734	10
3735	10
3775	10
3777	8
3783	8
3795	8
3806	8
3817	7
3828	10
3837	9
3863	10
3871	8
3915	10
3965	8
3971	7
3997	10
4019	10
4021	8
4041	5
4047	8
4078	8
4122	8
4177	7
4191	8
4206	8
4229	6
4251	10
4257	10
4263	10
4264	9
4327	6
4338	9
4350	10
4396	10
4409	6
4435	10
4461	10
4467	6
4475	10
4498	8
4499	9
4513	9
4523	10
4525	8
4538	6
4544	8
4568	8
4590	8
4598	8
4635	10
4681	10
4688	8
4724	8
4733	10
4767	10
4772	10
4783	10
4784	9
4806	8
4810	10
4815	9
4823	8
4867	9
4872	10
4907	8
4918	8
4928	8
4941	8
4953	10
4978	8
4986	6
4987	10
4993	10
5039	9
5040	9
5068	10
5096	8
5110	8
5112	10
5119	10
5134	8
5168	6
5190	6
5197	4
5217	8
5239	8
5256	4
5263	10
5267	8
5307	10
5334	10
5340	6
5362	8
5381	6
5385	4
5391	10
5395	8
5403	10
5409	10
5414	8
5436	8
5480	7
5510	6
5539	9
5564	7
5578	6
5580	9
5584	10
5600	8
5641	9
5658	10
5663	8
5664	2
5672	6
5674	8
5678	4
5679	8
5700	8
5719	9
5757	8
5777	10
5794	6
5798	9
5805	8
5813	10
5827	8
5829	8
5834	10
5839	10
5865	9
5873	10
5888	10
5890	8
5900	10
5917	10
5927	10
5930	4
5932	8
5947	3
5955	8
5997	10
5998	10
6018	6
6022	8
6028	8
6030	9
6096	10
6126	8
6158	10
6161	8
6177	8
6188	10
6201	10
6209	8
6218	6
6220	8
6273	10
6276	9
6287	8
6317	7
6352	7
6365	8
6371	8
6391	8
6403	8
6418	8
6435	10
6464	8
6465	8
6474	10
6477	8
6489	6
6495	9
6514	10
6528	5
6534	8
6569	10
6578	7
6580	8
6581	8
6587	10
6593	7
6651	8
6674	6
6678	10
6730	9
6757	8
6758	5
6774	10
6781	8
6846	9
6857	6
6860	7
6880	9
6882	10
6889	8
6905	9
6908	10
6948	10
6970	10
6982	10
6988	6
7009	10
7010	10
7040	9
7044	9
7051	8
7057	6
7081	8
7086	10
7105	8
7118	10
7143	8
7181	9
7209	10
7252	8
7260	8
7289	8
7304	7
7314	6
7320	10
7359	10
7432	8
7456	8
7461	10
7490	7
7492	10
7522	8
7555	8
7568	10
7587	8
7597	6
7615	8
7655	9
7658	10
7661	10
7669	7
7706	10
7707	10
7715	7
7727	8
7751	10
7758	7
7778	9
7795	10
7819	8
7826	6
7838	8
7856	8
7869	10
7890	8
7908	8
7910	10
7973	8
7974	8
7993	8
8021	10
8031	8
8047	10
8055	10
8067	10
8073	10
8083	10
8100	10
8101	8
8105	10
8114	8
8120	10
8152	10
8173	8
8180	10
8188	10
8197	8
8198	10
8213	10
8221	10
8238	7
8242	7
8248	8
8265	10
8273	10
8274	8
8294	8
8298	6
8325	4
8336	6
8337	10
8338	8
8352	7
8356	8
8371	6
8395	10
8404	8
8412	6
8433	9
8441	8
8465	10
8470	7
8485	8
8490	10
8503	5
8504	8
8517	7
8524	10
8532	8
8547	6
8550	10
8586	6
8648	6
8651	9
8683	10
8691	8
8718	8
8740	8
8765	8
8803	6
8806	6
8811	8
8849	10
8858	7
8867	6
8870	8
8875	10
8892	9
8960	8
8965	7
8987	7
8989	10
8991	7
9004	6
9010	10
9019	10
9036	8
9050	10
9060	9
9079	10
9088	10
9095	10
9100	8
9117	10
9118	6
9122	8
9139	9
9142	8
9145	8
9148	8
9163	8
9180	6
9199	10
9206	8
9213	6
9215	9
9225	8
9226	6
9241	10
9294	8
9302	8
9315	10
9319	6
9328	8
9330	5
9356	10
9369	1
9374	10
9384	9
9388	10
9498	8
9499	10
9533	8
9536	10
9549	8
9554	10
9561	8
9563	9
9639	7
9650	10
9694	8
9695	10
9704	5
9715	6
9755	3
9756	8
9771	10
9781	10
9791	8
9819	10
9820	10
9823	10
9853	6
9854	8
9856	10
9883	8
9886	10
9900	10
9914	10
9927	8
9942	6
9954	8
9975	7
9988	10
9996	10
10022	10
10045	10
10051	7
10070	10
10076	8
10083	8
10091	10
10098	9
10112	8
10143	10
10151	10
10170	10
10176	8
10194	10
10207	8
10222	6
10233	8
10235	8
10245	8
10264	8
10266	6
10270	10
10277	8
10301	10
10313	9
10318	8
10332	10
10360	7
10367	10
10390	8
10400	8
10418	8
10420	5
10426	6
10427	4
10462	6
10467	6
10474	9
10476	10
10492	10
10526	10
10559	10
10619	8
10623	8
10636	8
10645	10
10680	7
10682	10
10720	10
10738	6
10747	8
10748	8
10754	10
10759	9
10761	7
10770	10
10776	8
10797	6
10805	8
10821	8
10844	10
10850	10
10851	6
10858	8
10866	8
10895	8
10905	9
10907	9
10910	6
10912	8
10920	8
10930	4
10931	8
10936	9
10949	8
10962	8
10963	8
10985	10
10999	8
11016	10
11026	8
11028	6
11032	9
11039	10
11040	10
11052	9
11079	8
11086	8
11124	10
11157	7
11173	10
11186	4
11187	7
11204	5
11213	10
11219	10
11220	9
11257	6
11277	7
11300	10
11312	8
11337	6
11345	10
11351	6
11377	6
11381	8
11399	9
11410	10
11434	6
11478	8
11481	6
11493	8
11529	8
11543	8
11550	8
11554	7
11576	8
11585	10
11595	8
11597	6
11604	8
11606	10
11607	7
11613	10
11630	10
11638	9
11646	6
11686	9
11701	8
11708	8
11743	9
11759	8
11760	10
11763	10
11781	6
11786	8
11806	7
11808	6
11815	10
11822	6
11824	6
11838	6
11847	7
11867	10
11874	8
11916	10
11934	8
11937	8
11941	9
11963	7
11988	9
12022	8
12025	3
12066	8
12068	8
12074	8
12075	8
12085	10
12094	8
12099	9
12120	10
12121	10
12130	8
12139	8
12169	9
12177	8
12190	6
12195	10
12208	6
12220	10
12229	6
12236	4
12243	8
12259	8
12266	8
12270	8
12292	10
12296	8
12309	8
12340	8
12352	8
12360	7
12361	7
12366	9
12394	9
12401	10
12423	8
12471	10
12496	8
12515	10
12516	8
12522	8
12524	7
12537	10
12558	8
12561	9
12585	1
12588	10
12609	10
12635	8
12639	10
12651	8
12666	10
12672	10
12704	8
12716	10
12723	10
12724	6
12733	10
12734	10
12751	10
12759	6
12771	8
12784	8
12791	8
12829	10
12836	10
12866	7
12887	9
12894	8
12895	8
12910	8
12916	10
12917	10
12946	10
12952	8
12957	10
12959	8
12969	7
12993	8
12995	8
13019	9
13033	10
13043	10
13086	9
13089	10
13138	9
13152	10
13169	8
13170	10
13188	10
13216	8
13218	6
13220	10
13231	4
13241	10
13263	7
13280	10
13282	6
13290	9
13291	7
13317	10
13321	9
13329	8
13332	8
13342	10
13372	10
13383	10
13387	10
13391	8
13393	8
13423	8
13452	10
13453	10
13467	8
13473	9
13485	8
13517	8
13518	8
13536	9
13546	10
13572	10
13577	8
13581	8
13583	10
13584	6
13601	10
13612	8
13614	9
13619	8
13625	8
13631	10
13643	10
13647	8
13666	5
13694	6
13701	7
13716	7
13717	9
13734	10
13737	7
13758	8
13774	8
13783	8
13810	6
13827	9
13834	10
13844	8
13845	10
13846	10
13848	6
13867	6
13868	6
13889	10
13890	8
13898	10
13907	9
13932	4
13941	8
13952	6
13974	8
13983	9
13995	10
13999	9
14002	8
14007	8
14023	8
14029	9
14057	10
14094	10
14098	10
14110	10
14134	5
14144	8
14155	10
14229	8
14238	8
14245	10
14259	10
14268	10
14275	8
14276	10
14310	4
14327	10
14333	10
14351	10
14375	10
14398	6
