8	6
11	8
28	8
65	8
74	7
125	5
136	8
143	2
175	10
179	6
182	10
183	8
196	4
214	6
215	8
219	8
221	8
234	5
267	7
271	6
274	8
276	6
279	8
286	8
289	8
295	8
300	6
310	10
318	7
325	8
341	4
347	6
348	7
351	4
353	4
357	8
366	6
386	8
407	5
419	4
426	5
444	6
450	6
459	4
469	10
474	8
480	6
491	5
498	5
501	10
513	6
533	6
541	6
543	10
548	8
582	10
585	4
591	4
595	6
596	6
603	6
621	5
634	8
642	6
643	6
667	6
671	6
674	8
680	10
716	8
731	10
765	6
780	8
784	6
786	2
788	8
798	7
803	8
814	4
820	7
824	6
833	7
840	6
841	6
843	6
851	8
867	8
885	8
886	6
908	6
915	8
922	9
941	6
953	10
977	6
988	6
999	10
1011	6
1026	9
1075	7
1132	8
1137	8
1174	6
1177	10
1191	8
1224	8
1265	4
1282	7
1300	8
1302	8
1327	6
1329	7
1331	8
1333	6
1355	8
1377	6
1391	4
1408	6
1417	8
1419	4
1422	8
1433	8
1435	5
1440	7
1456	6
1464	6
1469	1
1474	6
1479	6
1482	6
1514	9
1518	8
1536	4
1550	8
1566	10
1573	4
1578	10
1596	8
1600	8
1605	8
1632	7
1640	8
1650	8
1654	6
1673	6
1680	8
1690	6
1709	3
1724	4
1751	7
1755	5
1761	4
1763	4
1786	6
1860	7
1870	6
1880	4
1886	6
1906	8
1909	6
1918	8
1930	8
1936	5
1959	4
1963	6
1976	6
1977	8
1981	6
1986	8
1988	8
1993	8
2028	8
2034	8
2041	8
2050	8
2056	10
2067	6
2081	8
2096	6
2127	6
2130	7
2134	6
2192	6
2204	8
2215	6
2233	6
2237	8
2264	8
2282	7
2300	10
2325	8
2330	4
2374	10
2385	8
2394	6
2414	4
2424	8
2484	6
2503	8
2509	4
2512	10
2526	6
2536	6
2551	10
2553	8
2555	8
2566	6
2573	2
2576	6
2584	8
2596	6
2603	10
2612	8
2613	5
2619	6
2641	10
2652	8
2675	8
2696	8
2703	10
2708	6
2729	4
2745	8
2746	10
2765	8
2780	8
2798	8
2821	2
2834	6
2852	7
2853	7
2871	10
2891	2
2912	6
2930	6
2936	8
2939	8
2942	6
2950	10
2955	8
2988	5
3001	6
3002	6
3022	10
3026	6
3030	6
3041	8
3050	6
3057	10
3067	6
3086	6
3088	4
3089	8
3110	7
3115	8
3119	4
3134	6
3143	8
3144	6
3151	2
3163	6
3183	6
3197	6
3200	6
3219	6
3220	8
3228	8
3254	8
3265	5
3285	8
3288	8
3298	6
3301	6
3343	7
3346	10
3347	8
3366	8
3373	8
3384	6
3411	8
3412	2
3420	8
3426	6
3463	5
3468	8
3470	8
3475	8
3476	8
3483	8
3488	4
3492	6
3504	8
3519	6
3525	5
3539	6
3562	8
3624	4
3625	8
3634	10
3638	8
3646	6
3647	6
3652	2
3653	6
3658	8
3676	8
3683	8
3686	6
3687	8
3721	8
3734	8
3741	6
3768	4
3777	6
3783	6
3784	6
3791	8
3793	3
3795	4
3796	8
3805	6
3810	3
3817	7
3828	8
3841	8
3847	6
3849	8
3865	3
3873	4
3907	6
3913	6
3947	5
3965	10
3991	2
4002	6
4005	6
4007	8
4019	8
4020	6
4051	6
4078	8
4094	8
4099	6
4112	8
4129	6
4169	8
4182	6
4186	10
4192	8
4222	6
4230	8
4233	6
4235	6
4289	4
4317	5
4327	4
4345	6
4352	6
4361	8
4364	6
4368	8
4377	8
4378	8
4386	4
4391	6
4401	6
4445	2
4458	8
4508	6
4513	8
4517	8
4523	6
4525	4
4538	9
4549	6
4554	6
4557	8
4568	6
4578	6
4586	6
4589	6
4598	4
4599	4
4612	4
4641	4
4651	8
4665	8
4700	10
4702	10
4712	8
4715	5
4726	8
4729	6
4741	6
4747	6
4748	8
4772	10
4778	6
4796	7
4806	8
4812	1
4814	8
4827	7
4839	4
4844	8
4902	8
4907	8
4925	4
4928	6
4950	8
4954	6
4968	8
4969	2
4982	8
4993	6
5003	8
5012	8
5016	6
5027	8
5030	8
5039	5
5062	4
5078	8
5118	8
5129	6
5134	8
5142	6
5191	6
5192	6
5199	8
5201	4
5203	10
5231	9
5238	8
5262	6
5265	6
5290	6
5296	6
5314	8
5344	6
5363	4
5370	8
5372	1
5395	8
5436	10
5437	8
5451	7
5459	6
5461	6
5479	8
5480	3
5483	8
5488	8
5510	5
5511	7
5578	8
5596	6
5616	6
5658	6
5672	6
5678	8
5714	6
5716	2
5720	6
5732	6
5760	7
5779	6
5780	6
5794	8
5804	8
5823	10
5834	10
5835	7
5843	4
5848	8
5858	6
5865	6
5871	10
5875	4
5883	8
5888	6
5913	8
5917	2
5919	8
5925	5
5932	6
5947	8
5952	4
5955	8
5965	7
5968	8
5975	2
5981	4
5992	8
6014	7
6018	8
6027	6
6036	8
6043	4
6119	6
6140	7
6144	6
6157	8
6161	8
6179	6
6197	8
6235	4
6237	7
6245	4
6250	8
6251	8
6259	6
6260	4
6261	8
6273	10
6276	5
6308	4
6326	8
6327	6
6328	8
6351	10
6365	10
6370	6
6371	8
6382	8
6418	8
6424	8
6426	6
6427	6
6443	6
6447	10
6453	8
6475	6
6477	9
6489	8
6494	4
6501	8
6535	8
6544	6
6562	8
6573	8
6577	5
6596	10
6603	6
6610	8
6664	8
6676	8
6678	7
6684	4
6743	7
6745	6
6757	8
6774	6
6804	8
6814	7
6816	2
6824	8
6839	8
6840	6
6845	4
6879	8
6885	6
6886	8
6890	6
6893	8
6905	8
6948	8
6959	8
6965	7
6971	8
6976	6
6982	10
6991	2
6992	6
7001	8
7006	8
7010	6
7032	4
7061	8
7066	7
7081	6
7127	7
7134	8
7160	8
7161	6
7216	6
7242	5
7255	6
7260	6
7263	10
7279	6
7282	4
7302	6
7313	6
7314	4
7315	6
7320	4
7323	6
7341	8
7358	6
7376	5
7380	6
7384	6
7417	8
7459	8
7461	6
7471	6
7472	5
7477	8
7527	8
7532	6
7543	6
7565	8
7570	8
7577	9
7582	7
7585	6
7590	10
7602	10
7608	4
7610	8
7612	6
7622	6
7645	8
7655	4
7661	9
7678	8
7700	8
7706	6
7707	4
7711	8
7724	8
7727	8
7744	6
7757	8
7774	7
7786	8
7795	10
7801	5
7803	6
7838	8
7849	5
7856	8
7868	8
7908	6
7922	8
7936	8
7942	4
7946	2
7949	4
7954	6
7958	10
7969	8
7974	6
7989	4
8025	6
8047	8
8055	8
8063	6
8066	4
8067	8
8075	5
8078	8
8105	10
8114	6
8115	8
8127	6
8145	6
8152	4
8159	6
8166	6
8168	8
8176	8
8198	6
8204	6
8228	1
8231	6
8265	1
8306	6
8330	6
8331	8
8338	4
8352	6
8354	5
8375	7
8395	8
8514	6
8524	4
8562	8
8579	6
8618	6
8636	10
8651	8
8676	8
8690	8
8692	7
8731	6
8734	4
8740	9
8765	6
8774	7
8802	6
8803	2
8806	4
8807	6
8811	6
8816	8
8841	6
8849	6
8856	5
8867	6
8874	6
8881	6
8892	8
8897	6
8902	6
8930	9
8933	8
8965	8
8973	8
8977	6
8990	10
8991	8
9026	6
9043	8
9065	4
9079	8
9083	6
9085	8
9117	10
9139	6
9140	6
9142	5
9160	6
9171	4
9176	8
9181	5
9190	10
9196	4
9212	6
9213	6
9243	8
9252	6
9263	10
9266	6
9267	6
9287	6
9331	5
9355	8
9360	6
9369	8
9374	8
9378	2
9391	8
9394	2
9408	8
9415	3
9432	8
9445	6
9452	4
9462	8
9467	8
9493	10
9509	6
9519	5
9522	8
9524	6
9527	10
9547	6
9549	3
9554	8
9558	7
9561	6
9593	7
9613	8
9646	5
9650	6
9671	7
9676	8
9694	6
9701	8
9702	8
9711	6
9716	8
9771	8
9777	8
9786	6
9806	5
9809	4
9823	4
9825	6
9831	8
9840	6
9841	6
9855	8
9892	6
9893	5
9895	8
9900	8
9921	4
9922	8
9926	4
9934	9
9937	8
9939	6
9963	6
9972	6
9979	4
9980	6
9988	8
9992	10
9993	8
10007	8
10035	7
10043	10
10051	3
10055	8
10057	7
10061	8
10083	6
10091	8
10114	8
10123	6
10136	9
10146	6
10171	8
10194	6
10203	10
10235	10
10241	9
10245	6
10249	4
10264	8
10270	8
10281	10
10286	6
10289	6
10290	6
10307	9
10313	8
10318	7
10331	6
10334	7
10338	6
10350	2
10367	10
10368	4
10405	8
10427	5
10435	6
10444	9
10455	6
10460	10
10461	8
10476	4
10477	4
10494	8
10503	7
10509	10
10526	8
10529	9
10541	4
10543	7
10563	7
10568	8
10600	10
10617	8
10620	8
10627	4
10636	6
10655	5
10661	6
10670	6
10674	6
10679	8
10680	4
10690	5
10696	10
10708	6
10749	6
10755	8
10766	8
10776	2
10791	2
10798	4
10802	10
10803	4
10815	6
10821	7
10830	6
10858	8
10860	5
10864	6
10876	8
10892	4
10904	6
10907	4
10915	6
10917	6
10929	4
10945	8
10952	6
10962	6
10976	8
10995	5
10999	4
11003	6
11028	6
11032	10
11039	8
11049	6
11050	6
11060	6
11068	8
11090	3
11101	6
11139	4
11142	4
11156	10
11157	6
11162	6
11186	6
11187	2
11192	8
11201	8
11213	8
11218	8
11219	10
11232	6
11239	7
11244	8
11248	6
11253	7
11261	8
11270	8
11289	8
11306	5
11308	6
11338	8
11344	6
11347	4
11352	4
11399	8
11404	4
11417	4
11420	7
11454	6
11460	4
11461	6
11482	10
11490	8
11514	6
11533	8
11539	6
11543	6
11570	6
11575	6
11576	8
11590	8
11597	6
11613	6
11620	6
11638	7
11646	7
11660	6
11666	6
11680	4
11681	6
11685	8
11686	8
11719	4
11743	8
11760	9
11762	8
11763	4
11779	6
11806	5
11825	6
11838	7
11850	5
11858	9
11860	2
11893	10
11894	6
11898	10
11924	4
11926	8
11941	8
11953	2
11961	8
11963	7
11977	6
11979	10
12000	6
12010	10
12012	8
12013	5
12022	4
12025	8
12039	6
