5	10
10	8
19	6
30	10
34	4
41	6
44	10
51	10
57	8
65	8
78	7
91	10
107	6
112	8
115	8
123	10
124	6
126	9
136	4
139	4
173	10
175	10
182	10
190	2
192	6
195	8
201	8
204	10
206	10
212	7
214	4
215	8
230	10
244	10
251	10
259	4
275	10
286	8
289	6
295	10
296	8
303	7
310	4
318	9
320	3
323	9
333	10
344	6
348	7
349	10
350	10
351	8
356	6
360	10
386	6
407	8
411	8
419	8
422	10
424	8
426	6
434	8
447	6
450	4
462	6
469	7
473	8
476	9
479	8
485	4
489	10
493	7
499	10
512	4
513	4
532	10
533	8
536	10
537	10
541	8
543	9
550	6
554	5
555	8
558	8
573	4
576	10
577	8
585	6
586	8
589	8
595	8
596	8
603	7
605	8
618	6
621	5
642	6
643	4
650	10
657	8
662	4
671	6
678	6
688	4
707	8
714	7
724	6
731	10
745	4
756	10
780	6
796	10
798	5
803	6
809	9
814	6
817	8
820	8
821	10
829	10
830	8
831	4
836	10
840	8
843	10
854	2
867	10
868	8
874	8
885	8
887	8
890	4
891	6
896	10
900	8
904	8
906	8
908	8
912	4
914	10
917	8
922	6
924	10
936	5
948	8
949	8
972	8
977	8
983	5
988	8
998	8
1020	2
1033	4
1041	7
1045	7
1072	5
1073	4
1074	6
1089	10
1120	2
1124	10
1128	10
1129	10
1139	8
1156	8
1161	6
1175	8
1176	10
1198	4
1206	8
1233	10
1236	8
1247	10
1256	6
1265	8
1274	8
1287	6
1293	10
1301	8
1305	2
1315	6
1320	8
1325	8
1331	10
1347	6
1352	6
1378	7
1392	4
1397	5
1398	7
1404	6
1408	6
1412	10
1419	4
1421	8
1425	6
1433	6
1440	9
1441	10
1445	8
1450	10
1451	8
1467	1
1473	10
1476	10
1478	6
1479	6
1480	6
1482	8
1485	10
1512	6
1514	10
1515	7
1518	6
1541	9
1549	8
1577	10
1578	10
1588	10
1590	9
1596	10
1599	8
1604	10
1624	6
1630	10
1632	9
1637	4
1651	9
1668	4
1679	6
1686	10
1688	8
1689	4
1693	10
1695	10
1702	6
1707	6
1724	10
1725	10
1731	6
1734	4
1737	10
1746	4
1747	10
1751	3
1771	6
1773	10
1780	6
1783	10
1786	9
1789	10
1792	9
1793	7
1798	9
1805	7
1814	6
1817	10
1818	6
1830	8
1832	6
1837	6
1847	6
1853	9
1857	10
1860	7
1861	3
1864	6
1881	6
1886	10
1887	10
1906	4
1915	10
1917	10
1918	8
1922	4
1930	6
1952	2
1960	8
1962	4
1971	6
1981	9
1984	4
1988	8
2015	10
2021	2
2041	10
2050	8
2066	6
2072	8
2076	2
2096	8
2099	8
2134	4
2152	6
2165	8
2170	4
2177	6
2188	10
2197	10
2204	7
2208	10
2220	10
2233	2
2237	6
2240	10
2242	10
2253	10
2260	8
2269	4
2275	6
2293	6
2300	6
2314	6
2315	9
2324	6
2334	10
2335	2
2350	8
2361	7
2363	10
2379	8
2390	8
2391	8
2392	10
2406	4
2424	8
2425	6
2433	10
2434	10
2460	10
2470	4
2484	4
2485	6
2501	10
2503	6
2515	6
2522	6
2526	6
2528	6
2534	6
2540	10
2542	7
2550	8
2551	10
2556	6
2566	8
2567	8
2583	8
2584	7
2586	10
2591	10
2596	10
2601	10
2602	6
2604	8
2616	10
2617	10
2621	2
2641	8
2650	7
2652	8
2675	8
2707	2
2720	10
2722	10
2745	8
2747	10
2763	10
2765	8
2769	4
2779	10
2802	9
2809	10
2813	10
2828	10
2829	10
2852	8
2857	8
2865	4
2875	2
2879	1
2924	8
2927	6
2932	10
2936	8
2938	10
2942	8
2944	4
2945	8
2952	10
2955	6
2960	10
2963	10
2967	10
2984	8
2987	8
3016	8
3019	8
3025	6
3041	10
3046	10
3048	6
3057	4
3067	1
3084	8
3086	7
3087	8
3089	8
3099	6
3103	9
3104	6
3111	10
3122	10
3123	2
3125	7
3142	8
3148	4
3157	6
3159	8
3161	4
3163	8
3174	9
3175	8
3185	4
3197	5
3199	8
3200	8
3207	4
3211	10
3218	10
3220	4
3229	8
3233	6
3236	6
3238	8
3244	6
3254	6
3258	3
3264	8
3265	8
3276	4
3285	8
3295	10
3298	8
3301	6
3304	2
3309	10
3313	4
3325	7
3334	8
3338	10
3343	8
3350	8
3356	8
3373	10
3382	6
3387	10
3415	6
3448	8
3462	10
3466	6
3482	4
3484	8
3491	6
3493	8
3496	6
3504	8
3512	6
3515	6
3517	2
3519	10
3539	2
3547	10
3556	8
3575	10
3587	8
3592	8
3603	8
3604	4
3625	8
3634	8
3641	10
3646	8
3647	7
3652	10
3657	8
3662	8
3664	7
3678	6
3680	6
3683	10
3687	2
3696	10
3703	6
3706	3
3721	6
3723	10
3727	10
3745	4
3758	4
3760	2
3761	6
3770	9
3795	2
3806	4
3810	7
3817	6
3828	6
3839	8
3840	8
3841	8
3851	10
3858	6
3865	6
3880	10
3896	8
3900	6
3905	6
3906	4
3912	8
3928	6
3937	8
3956	10
3963	10
3965	6
3981	6
4000	6
4006	10
4007	8
4009	8
4010	2
4019	2
4023	8
4027	6
4043	2
4044	9
4063	6
4065	2
4066	7
4081	10
4094	10
4099	6
4103	6
4105	7
4108	6
4129	8
4136	8
4140	8
4177	4
4182	6
4191	8
4203	6
4212	8
4214	10
4219	10
4220	10
4229	8
4235	6
4262	10
4263	10
4265	8
4289	6
4315	10
4317	6
4326	6
4327	6
4332	10
4337	10
4347	8
4350	10
4364	8
4368	8
4371	6
4378	8
4391	4
4396	8
4401	5
4404	8
4418	8
4436	4
4437	8
4457	6
4461	10
4473	8
4491	10
4513	6
4523	4
4538	10
4554	6
4557	10
4568	2
4582	4
4598	3
4609	8
4610	6
4611	10
4614	10
4625	6
4640	4
4646	10
4651	10
4665	4
4697	4
4710	10
4715	4
4716	4
4719	8
4723	6
4724	8
4726	4
4751	6
4761	2
4764	10
4765	6
4776	10
4783	8
4805	10
4816	6
4822	10
4823	8
4845	4
4854	10
4855	8
4863	10
4868	8
4871	10
4872	8
4883	8
4893	8
4915	8
4920	2
4928	8
4936	10
4939	9
4941	6
4945	4
4954	3
4964	10
4969	4
4982	8
4993	8
5000	6
5003	4
5011	2
5043	9
5044	10
5045	10
5052	6
5062	7
5078	8
5098	10
5102	10
5112	6
5113	10
5118	4
5146	10
5152	10
5168	4
5172	10
5174	7
5182	4
5191	2
5203	6
5204	10
5217	8
5231	7
5243	10
5244	10
5260	8
5265	4
5274	10
5275	6
5276	6
5278	10
5280	8
5285	8
5289	10
5302	8
5311	10
5312	8
5318	10
5327	6
5328	4
5334	10
5353	6
5378	6
5399	5
5411	7
5429	10
5436	4
5446	10
5464	10
5466	8
5467	10
5474	8
5480	9
5482	6
5485	9
5489	10
5493	8
5499	8
5507	8
5510	1
5517	10
5523	4
5525	4
5534	9
5539	3
5546	8
5579	4
5580	2
5583	10
5584	8
5586	7
5589	10
5594	8
5598	8
5609	8
5614	4
5641	8
5649	10
5654	10
5656	10
5658	4
5680	10
5681	7
5705	1
5708	10
5711	2
5720	4
5722	8
5738	9
5741	6
5744	4
5767	7
5779	8
5798	3
5800	10
5807	9
5813	4
5823	10
5824	8
5829	2
5834	4
5852	8
5855	10
5857	10
5870	8
5871	10
5879	8
5888	4
5892	1
5902	2
5913	6
5917	6
5925	6
5927	10
5929	10
5932	2
5937	8
5939	7
5945	10
5947	8
5954	8
5955	6
5968	8
5972	4
5991	10
5992	8
6007	10
6009	8
6010	6
6014	1
6018	4
6025	8
6042	10
6043	8
6045	6
6075	6
6094	4
6117	9
6123	8
6134	8
6150	1
6156	2
6159	6
6161	8
6172	8
6201	4
6203	8
6208	8
6209	6
6227	8
6230	2
6241	8
6255	10
6257	6
6276	7
6277	8
6283	10
6320	10
6325	6
6332	8
6334	10
6338	10
6342	10
6352	8
6363	8
6391	6
6403	10
6409	3
6414	10
6418	6
6425	10
6434	4
6437	6
6446	10
6452	8
6453	6
6457	7
6458	4
6469	10
6473	8
6477	7
6481	8
6488	6
6494	8
6495	7
6506	10
6507	8
6513	2
6514	8
6522	6
6528	6
6534	10
6543	8
6557	6
6567	10
6580	6
6581	8
6587	6
6589	9
6609	10
6610	6
6624	7
6629	8
6652	9
6660	4
6671	10
6674	5
6678	6
6691	6
6715	10
6716	2
6734	2
6739	7
6743	5
6749	6
6757	10
6771	8
6772	4
6774	6
6785	9
6787	8
6799	10
6800	6
6836	4
6841	4
6845	8
6848	10
6857	10
6865	8
6880	8
6890	8
6893	8
6901	6
6920	4
6922	6
6924	6
6925	1
6932	5
6933	9
6935	8
6939	7
6948	4
6957	6
6959	8
6970	8
6982	10
6986	9
6988	8
7001	8
7005	10
7006	10
7023	10
7026	6
7051	6
7057	8
7060	6
7061	10
7065	7
7075	8
7078	8
7081	10
7083	8
7105	8
7114	10
7120	4
7127	8
7134	6
7137	8
7145	6
7150	10
7151	10
7160	10
7171	4
7173	10
7181	6
7187	9
7195	9
7196	7
7197	10
7207	8
7213	10
7214	8
7217	7
7218	4
7233	6
7251	5
7254	6
7259	8
7260	6
7264	5
7281	2
7294	8
7297	10
7302	10
7304	7
7307	8
7311	4
7313	8
7316	10
7319	10
7321	10
7322	8
7324	9
7328	10
7329	8
7335	6
7340	8
7341	6
7380	8
7384	4
7385	6
7402	6
7414	4
7417	9
7422	9
7425	8
7426	9
7435	2
7439	8
7445	10
7450	8
7455	10
7461	4
7469	8
7471	5
7472	5
7513	10
7519	8
7526	6
7528	6
7534	7
7537	8
7545	3
7567	10
7568	6
7590	10
7595	6
7596	4
7606	8
7612	4
7613	2
7615	4
7616	8
7628	8
7633	6
7634	4
7638	10
7639	6
7640	8
7643	8
7652	8
7654	2
7674	8
7685	5
7697	6
7701	5
