5	8
10	8
17	10
36	6
47	6
51	10
56	10
58	8
67	8
73	8
77	6
78	8
86	6
94	8
96	6
99	8
100	7
103	6
104	8
112	8
119	6
121	10
122	10
125	8
126	7
137	6
141	6
142	10
143	10
150	8
163	10
170	6
175	10
179	10
182	8
186	10
187	5
192	9
193	6
198	9
205	10
206	10
209	6
211	8
212	10
215	9
218	10
226	10
235	9
236	10
238	10
245	10
248	10
254	9
263	10
267	7
275	10
276	7
285	10
289	10
292	9
296	8
300	8
304	4
310	8
311	6
314	6
318	10
320	8
321	8
330	8
332	10
348	10
350	10
351	10
353	10
364	10
367	8
383	8
394	8
398	8
413	10
415	10
418	8
419	6
420	10
425	10
426	8
437	10
440	7
444	6
463	7
465	8
469	8
470	10
479	10
485	10
486	8
489	10
497	8
500	10
503	5
504	8
506	10
509	10
512	10
513	10
516	8
518	6
522	8
535	8
545	10
552	8
554	9
555	6
560	7
565	4
569	10
572	8
582	10
585	10
595	8
596	8
601	8
621	8
633	8
640	9
642	10
643	10
645	8
648	8
655	10
657	8
658	7
659	9
662	10
665	8
671	10
679	10
686	6
688	10
698	10
702	8
708	8
715	10
719	6
740	8
744	8
753	10
759	6
767	10
773	2
775	10
776	8
780	6
781	10
790	8
792	6
806	10
812	8
822	10
826	9
833	8
837	8
838	10
840	8
843	8
848	8
866	10
868	8
870	8
871	8
878	10
892	10
897	8
915	8
922	6
933	8
936	8
946	10
949	1
957	10
965	8
971	10
975	8
977	10
988	8
998	8
1005	8
1016	10
1018	8
1020	10
1025	8
1026	10
1039	10
1045	9
1047	10
1061	10
1067	10
1070	10
1075	8
1082	8
1083	8
1086	4
1088	8
1090	9
1120	8
1122	9
1126	10
1132	10
1133	6
1137	7
1139	10
1144	8
1147	10
1153	8
1158	6
1161	6
1162	8
1168	8
1182	8
1186	8
1215	8
1221	8
1223	6
1226	6
1227	10
1229	8
1233	10
1250	8
1260	10
1265	10
1268	8
1274	10
1275	8
1278	8
1284	10
1287	10
1288	10
1292	4
1297	8
1299	8
1301	8
1302	10
1309	6
1331	8
1333	6
1337	5
1340	8
1342	8
1344	10
1347	10
1351	8
1352	10
1353	8
1355	9
1363	8
1364	8
1365	10
1369	10
1372	10
1377	10
1384	10
1390	8
1398	10
1400	10
1402	8
1406	6
1408	7
1435	8
1438	6
1452	8
1454	8
1461	10
1471	8
1472	10
1476	10
1484	8
1485	10
1488	10
1499	8
1515	7
1518	8
1523	8
1532	7
1535	8
1537	8
1541	6
1543	8
1552	8
1557	10
1559	7
1567	8
1569	7
1573	8
1578	4
1581	6
1588	6
1596	8
1607	8
1614	8
1617	8
1627	6
1628	10
1630	10
1632	9
1633	8
1634	5
1637	8
1640	8
1648	10
1652	9
1666	10
1669	10
1671	8
1675	10
1694	8
1697	10
1709	8
1733	9
1741	8
1755	6
1760	10
1761	8
1768	6
1771	8
1773	10
1780	10
1783	4
1786	6
1805	7
1810	6
1819	6
1822	10
1842	6
1844	8
1849	10
1854	9
1858	7
1860	9
1861	9
1870	9
1871	8
1874	10
1883	8
1887	10
1891	10
1904	4
1906	8
1913	6
1915	6
1918	8
1925	6
1927	10
1930	10
1932	8
1940	8
1949	8
1957	8
1973	8
1976	10
1977	4
1981	10
1988	9
2002	8
2010	10
2031	8
2035	6
2046	10
2051	10
2054	6
2057	8
2062	8
2066	8
2071	10
2073	6
2076	6
2077	10
2087	6
2089	10
2096	8
2099	8
2100	6
2114	10
2120	8
2127	8
2134	9
2142	8
2146	6
2152	10
2167	10
2168	7
2170	4
2173	10
2178	10
2186	9
2194	8
2197	8
2204	8
2213	10
2218	8
2233	10
2237	8
2240	10
2241	10
2249	10
2256	10
2258	9
2275	8
2278	10
2286	10
2300	6
2303	8
2305	10
2315	7
2319	8
2324	9
2325	7
2330	10
2332	10
2350	6
2361	6
2366	8
2367	8
2375	10
2377	10
2384	10
2385	8
2392	6
2394	6
2404	10
2409	8
2424	8
2425	10
2433	8
2434	8
2435	8
2436	8
2438	10
2444	8
2448	8
2455	9
2457	10
2466	6
2467	8
2478	6
2483	10
2484	6
2485	10
2487	8
2491	6
2497	10
2499	10
2500	8
2503	4
2505	8
2522	10
2524	10
2527	9
2534	10
2536	9
2541	2
2542	8
2543	8
2545	6
2548	10
2549	6
2550	8
2552	10
2555	8
2559	10
2569	6
2573	6
2583	8
2596	10
2611	10
2615	10
2628	10
2650	4
2651	10
2662	6
2665	9
2666	8
2675	10
2677	6
2685	10
2690	8
2692	9
2698	8
2700	10
2707	10
2709	8
2720	10
2729	10
2730	9
2737	8
2739	8
2745	8
2765	8
2780	8
2782	10
2784	8
2787	6
2790	8
2798	6
2820	7
2822	8
2825	8
2828	10
2829	8
2833	8
2839	10
2842	9
2849	6
2852	8
2853	8
2856	8
2865	8
2876	8
2877	8
2904	8
2911	10
2915	9
2919	8
2921	6
2925	8
2930	8
2939	8
2942	10
2952	7
2958	10
2963	8
2973	10
2986	6
2988	8
2991	6
3004	10
3022	9
3025	8
3034	5
3036	10
3041	8
3043	8
3052	10
3055	8
3061	8
3063	8
3067	10
3082	8
3086	8
3089	10
3093	10
3103	7
3108	6
3114	9
3118	10
3122	8
3132	10
3133	8
3145	10
3148	6
3149	5
3152	8
3157	8
3163	10
3168	4
3169	8
3171	8
3172	10
3173	6
3182	9
3188	6
3197	8
3200	10
3203	10
3212	8
3223	8
3228	8
3229	8
3232	6
3236	6
3244	10
3254	10
3255	8
3256	10
3270	4
3277	6
3281	10
3284	8
3285	8
3298	9
3301	6
3304	8
3311	4
3313	8
3325	8
3327	6
3330	7
3334	8
3336	8
3346	6
3347	10
3350	8
3356	10
3373	4
3380	8
3383	7
3388	10
3389	8
3392	8
3398	10
3420	10
3424	10
3430	10
3434	9
3442	10
3444	8
3447	6
3454	8
3455	10
3462	10
3463	5
3471	8
3474	8
3475	8
3477	8
3481	4
3482	8
3483	10
3486	10
3493	8
3499	10
3504	10
3519	8
3525	10
3527	10
3533	8
3534	10
3535	6
3539	10
3541	10
3552	10
3562	4
3568	10
3573	6
3574	9
3576	6
3578	10
3580	9
3585	10
3589	6
3591	10
3595	6
3599	9
3600	8
3612	6
3629	7
3633	10
3634	10
3635	5
3638	8
3643	2
3646	8
3647	8
3652	10
3658	10
3669	8
3677	10
3691	10
3705	8
3708	8
3721	10
3724	3
3734	10
3745	8
3750	8
3753	8
3754	10
3761	8
3763	8
3775	8
3777	8
3782	8
3783	10
3791	10
3793	6
3795	2
3803	8
3805	10
3817	7
3828	10
3841	10
3853	7
3854	10
3860	5
3863	8
3868	8
3883	10
3896	8
3906	8
3908	7
3920	8
3929	6
3941	8
3949	8
3950	8
3978	10
3984	10
3990	10
3991	6
3994	8
4000	10
4017	8
4019	10
4047	6
4052	8
4056	8
4071	10
4113	6
4119	10
4120	6
4122	10
4125	8
4129	10
4140	10
4142	8
4162	6
4171	8
4182	8
4191	8
4195	6
4196	8
4218	9
4221	6
4227	6
4228	8
4229	10
4240	10
4247	10
4250	7
4251	10
4257	6
4258	9
4260	10
4263	10
4270	6
4279	10
4283	8
4287	6
4288	8
4289	10
4302	4
4303	10
4311	8
4316	10
4317	2
4327	10
4329	8
4332	8
4335	8
4339	9
4341	8
4350	10
4353	3
4361	10
4364	8
4368	6
4378	10
4384	8
4385	8
4386	4
4389	10
4391	8
4396	8
4401	8
4402	8
4403	8
4408	10
4409	8
4430	10
4434	6
4436	8
4441	4
4443	2
4459	8
4461	10
4469	10
4474	9
4475	10
4486	8
4498	10
4499	9
4508	4
4523	8
4525	10
4527	8
4539	6
4541	10
4544	6
4558	8
4563	10
4568	10
4570	10
4572	10
4597	6
4598	8
4599	10
4603	6
4611	8
4612	10
4614	8
4623	8
4635	10
4654	10
4665	6
4672	8
4685	10
4688	8
4691	8
4704	6
4716	8
4721	8
4723	8
4727	9
4728	6
4734	8
4746	4
4748	8
4749	2
4754	9
4762	8
4763	10
4764	10
4769	8
4770	8
4772	10
4778	10
4779	9
4781	10
4783	10
4792	8
4806	8
4807	7
4815	10
4816	6
4827	8
4838	8
4858	10
4860	10
4861	10
4862	4
4863	8
4872	10
4873	10
4875	10
4876	10
4883	6
4884	6
4886	5
4893	8
4907	8
4908	9
4912	9
4924	8
4931	10
4932	8
4936	6
4939	10
4941	10
4946	8
4966	6
4973	8
4978	10
4986	10
4987	8
4993	8
5000	8
5009	10
5030	6
5039	9
5044	10
5054	8
5058	9
5061	7
5062	7
5068	10
5070	10
5071	10
5078	6
5085	9
5088	6
5100	7
5112	6
5115	8
5118	6
5125	8
5132	10
5134	10
5144	6
5147	10
5167	6
5168	8
5174	8
5184	8
5190	10
5194	8
5201	10
5203	10
5209	8
5216	8
5221	10
5226	9
5229	10
5234	10
5239	8
5241	7
5255	10
5256	8
5262	6
5273	10
5274	8
5277	8
5280	5
5285	8
5294	10
5296	10
5305	10
5307	10
5312	10
5329	8
5330	8
5334	10
5353	8
5367	5
5383	10
5388	6
5393	8
5403	6
5407	10
5411	9
5414	9
5426	7
5441	8
5445	8
5449	10
5459	7
5463	8
5466	8
5467	6
5474	8
5475	9
5480	5
5481	8
5495	7
5498	8
5499	6
5505	8
5507	7
5510	6
5515	8
5518	6
5523	8
5526	10
5532	6
5534	9
5547	8
5555	10
5567	10
5568	6
5571	4
5578	10
5580	9
5583	10
5584	10
5586	7
5589	8
5592	10
5594	10
5600	7
5601	8
5607	8
5612	8
5613	4
5618	9
5627	8
5631	10
5634	10
5636	8
5641	10
5654	6
5658	7
5660	4
5662	10
5663	10
5667	6
5669	9
5670	10
5672	10
5678	9
5689	6
