14	6
17	4
18	8
34	8
41	6
65	8
88	8
106	10
117	6
125	2
139	8
144	7
174	6
182	8
183	10
196	8
201	4
214	8
215	8
216	10
234	2
253	6
259	4
262	6
265	8
289	8
310	8
318	8
333	8
334	4
341	6
351	8
353	4
368	8
373	8
389	5
390	8
412	4
414	5
426	4
434	8
437	2
438	8
450	6
481	8
482	7
493	5
501	8
513	8
543	8
550	8
561	6
564	10
571	5
585	8
590	6
618	6
621	1
634	4
650	6
662	4
665	8
683	4
688	2
695	8
704	8
731	8
739	4
742	7
745	8
761	7
786	10
788	7
793	9
798	7
805	9
831	10
863	6
867	8
868	8
874	8
886	4
887	10
890	6
891	6
908	10
911	6
919	6
922	8
946	6
949	5
972	8
983	5
1034	7
1041	3
1052	7
1053	6
1074	6
1075	7
1084	8
1088	6
1129	6
1132	7
1134	6
1139	3
1161	2
1163	8
1174	6
1177	8
1181	8
1190	10
1197	9
1224	8
1236	6
1256	5
1265	6
1266	6
1288	2
1296	6
1304	6
1329	8
1333	6
1354	3
1361	10
1367	5
1391	6
1404	2
1407	4
1417	8
1419	2
1427	1
1431	8
1433	8
1435	7
1440	8
1446	3
1458	8
1467	2
1478	4
1479	6
1495	6
1527	8
1571	8
1579	8
1604	8
1618	8
1630	10
1638	8
1639	8
1651	8
1674	8
1696	6
1704	5
1724	6
1754	10
1755	5
1761	6
1771	7
1805	6
1817	8
1832	6
1837	8
1854	7
1860	4
1870	7
1874	6
1875	6
1880	8
1887	8
1889	7
1892	3
1893	8
1915	6
1918	4
1962	10
1966	7
1981	6
1988	6
1992	6
2018	6
2034	6
2045	8
2050	6
2053	6
2067	8
2072	8
2081	10
2094	8
2108	7
2111	8
2116	5
2122	4
2127	4
2134	6
2136	7
2154	9
2160	10
2165	8
2182	6
2196	6
2204	6
2209	8
2211	10
2214	7
2233	6
2237	8
2238	5
2255	8
2258	6
2264	6
2281	5
2291	6
2293	8
2300	6
2304	6
2336	8
2343	6
2349	8
2350	4
2354	8
2361	8
2364	6
2367	6
2385	8
2394	8
2398	8
2402	3
2412	8
2421	6
2435	7
2440	8
2446	8
2451	10
2460	6
2468	8
2517	8
2542	7
2548	6
2566	10
2573	4
2574	9
2576	8
2584	8
2596	6
2602	8
2619	7
2634	8
2641	8
2649	6
2652	6
2661	6
2669	8
2685	6
2689	8
2696	10
2698	7
2703	2
2708	10
2756	4
2765	6
2783	6
2792	5
2799	6
2802	6
2806	10
2812	6
2821	10
2829	6
2852	7
2858	10
2865	8
2866	3
2891	5
2909	5
2920	7
2925	8
2934	8
2947	8
2955	10
2983	10
2989	10
2992	4
3004	6
3022	7
3030	8
3032	6
3039	7
3050	7
3057	7
3061	4
3062	8
3063	6
3089	7
3100	4
3104	7
3110	6
3111	8
3113	8
3114	8
3116	3
3142	8
3149	4
3159	6
3163	6
3171	7
3174	10
3183	3
3189	8
3190	8
3199	8
3201	8
3207	6
3209	8
3219	8
3227	8
3263	8
3285	10
3290	9
3298	6
3299	7
3301	2
3304	4
3313	7
3317	8
3325	6
3335	8
3336	7
3350	5
3366	6
3368	6
3427	6
3428	5
3440	5
3441	6
3462	6
3468	10
3492	6
3495	8
3517	8
3525	6
3526	7
3556	8
3568	4
3594	8
3599	7
3625	8
3627	3
3646	6
3647	3
3665	8
3681	6
3687	8
3688	6
3691	2
3698	8
3699	5
3706	5
3713	8
3721	6
3722	6
3736	6
3740	8
3764	7
3793	5
3810	2
3817	5
3840	4
3855	8
3861	5
3865	8
3901	6
3907	8
3941	10
3958	7
3965	8
4000	6
4006	2
4012	6
4021	9
4022	4
4026	5
4040	8
4044	6
4049	7
4056	4
4063	8
4065	8
4078	6
4086	6
4095	8
4129	6
4136	7
4156	5
4182	6
4204	8
4217	8
4229	4
4233	6
4241	6
4264	8
4269	6
4285	8
4290	4
4298	6
4317	9
4333	7
4335	6
4350	10
4358	8
4361	4
4363	7
4364	6
4368	8
4374	7
4385	8
4396	6
4411	9
4452	8
4487	4
4491	10
4497	6
4514	4
4523	6
4538	10
4545	4
4547	6
4549	6
4550	2
4554	8
4555	4
4559	10
4561	6
4568	6
4578	6
4593	8
4598	8
4640	2
4642	9
4665	6
4698	6
4710	4
4714	10
4724	8
4741	8
4747	10
4761	6
4769	6
4772	6
4783	2
4787	7
4799	8
4812	8
4814	10
4818	8
4822	6
4826	6
4827	5
4848	8
4849	9
4867	7
4873	10
4874	6
4885	9
4887	6
4888	8
4897	8
4898	2
4923	6
4932	8
4934	5
4942	6
4945	10
4951	5
4954	7
5012	8
5016	6
5019	7
5025	8
5027	8
5031	2
5036	6
5039	7
5044	4
5078	10
5083	8
5094	8
5096	6
5103	8
5107	6
5110	8
5116	10
5129	10
5134	4
5136	8
5142	6
5165	6
5168	4
5174	3
5192	8
5193	6
5208	6
5217	6
5226	6
5231	8
5236	6
5238	8
5255	8
5266	4
5275	8
5279	8
5283	8
5285	2
5296	6
5320	8
5328	8
5329	4
5392	7
5395	8
5425	8
5456	8
5459	6
5461	3
5477	8
5479	10
5485	8
5488	8
5495	7
5509	8
5510	3
5519	8
5542	8
5543	6
5549	4
5559	8
5579	8
5580	1
5584	10
5591	6
5601	6
5608	8
5622	8
5631	4
5641	8
5654	1
5657	6
5667	8
5670	6
5678	8
5694	8
5705	4
5711	6
5719	8
5744	8
5745	8
5747	8
5760	6
5766	8
5772	8
5776	7
5779	4
5786	8
5787	7
5795	6
5820	8
5824	6
5831	7
5836	7
5838	8
5849	6
5857	4
5860	6
5862	4
5875	10
5879	7
5884	8
5888	6
5889	6
5913	8
5920	6
5928	6
5932	1
5933	8
5935	7
5954	7
5955	6
5968	8
5975	2
5981	4
6000	10
6013	10
6014	6
6018	2
6024	5
6041	6
6047	8
6051	6
6063	1
6105	5
6108	10
6113	6
6117	8
6124	5
6134	4
6137	8
6138	8
6148	8
6150	6
6157	8
6172	7
6209	8
6218	6
6226	8
6227	7
6232	6
6245	2
6250	8
6253	5
6260	6
6264	9
6277	8
6285	7
6315	10
6344	7
6347	8
6372	7
6375	9
6376	4
6387	6
6389	5
6393	8
6414	10
6416	4
6417	6
6418	8
6426	8
6431	9
6434	8
6439	6
6443	7
6446	4
6447	10
6453	8
6460	8
6469	6
6477	7
6480	5
6481	7
6490	8
6494	4
6508	7
6509	10
6512	10
6545	5
6550	8
6562	8
6568	8
6570	8
6574	8
6576	5
6581	9
6582	8
6584	4
6592	7
6603	8
6605	6
6610	8
6622	10
6629	6
6634	8
6643	10
6644	5
6646	7
6656	10
6664	8
6671	6
6691	4
6696	8
6702	7
6708	9
6716	8
6720	6
6726	8
6739	9
6742	7
6743	6
6757	6
6772	10
6774	8
6780	8
6800	2
6804	4
6810	8
6812	8
6822	6
6829	8
6848	4
6851	8
6878	6
6885	8
6890	8
6935	6
6939	5
6941	7
6949	6
6953	6
6957	10
6959	6
6971	8
6972	8
6976	6
6982	8
6992	7
7006	6
7034	6
7035	4
7061	4
7069	6
7076	2
7078	2
7081	4
7122	3
7127	6
7139	6
7145	8
7161	8
7195	6
7202	7
7216	8
7218	7
7222	6
7225	6
7230	4
7237	2
7238	4
7241	8
7255	8
7257	6
7286	1
7302	6
7313	6
7314	8
7315	6
7317	7
7323	6
7350	6
7356	6
7367	6
7375	8
7379	8
7384	8
7385	8
7390	6
7396	4
7402	6
7407	6
7411	7
7420	8
7426	7
7441	5
7465	6
7471	6
7472	6
7498	8
7503	10
7509	10
7523	5
7527	8
7529	8
7532	8
7533	7
7534	6
7539	6
7554	8
7572	2
7587	5
7590	10
7591	7
7612	6
7613	5
7616	10
7618	8
7624	1
7640	7
7643	10
7644	6
7645	4
7654	6
7658	6
7676	6
7678	7
7681	8
7707	2
7708	5
7713	8
7727	8
7732	8
7741	10
7757	8
7765	6
7784	2
7790	3
7795	8
7805	6
7809	4
7824	7
7834	6
7838	7
7869	8
7876	8
7909	8
7929	10
7936	8
7943	2
7946	8
7958	10
7963	5
7969	8
7970	8
7974	8
7979	5
7989	4
7992	8
8001	8
8019	8
8021	5
8025	8
8033	8
8041	6
8047	10
8048	7
8050	6
8058	7
8060	8
8061	6
8067	8
8073	10
8078	8
8081	9
8083	5
8093	7
8097	5
8101	7
8102	5
8103	5
8114	8
8121	2
8127	4
8136	6
8142	7
8145	6
8147	6
8162	2
8172	10
8186	8
8198	6
8208	5
8221	8
8236	6
8238	1
8240	6
8270	6
8272	6
8274	6
8275	7
8297	4
8310	8
8330	6
8360	4
8365	7
8384	8
8388	6
8400	7
8411	6
8418	2
8427	5
8430	6
8446	5
8449	6
8459	8
8467	8
8474	8
8475	8
8476	7
8480	6
8493	8
8503	5
8533	4
8556	10
8573	9
8579	6
8588	8
8596	8
8597	8
8604	6
8615	8
8642	7
8644	8
8646	7
8661	7
8666	7
8672	8
8683	7
8690	8
8697	8
8698	8
8699	5
8706	7
8726	6
8733	8
8734	6
8739	7
8745	8
8746	5
8776	10
8779	8
8787	5
8792	8
8795	8
8796	10
8811	6
8823	6
8825	6
8826	7
8849	6
8867	7
8872	9
8892	8
8930	8
8932	6
8940	8
8952	6
8956	10
8964	6
8967	9
8973	6
8980	4
8991	8
8996	6
8998	8
9005	4
9015	8
9026	6
9043	8
9064	8
9076	6
9085	6
9090	8
9092	5
9099	6
9100	7
9104	7
9123	7
9139	6
9140	6
9149	6
9151	3
9161	8
9165	8
9180	4
9181	7
9196	6
9212	7
9225	8
9243	6
9246	4
9249	5
9252	6
9258	8
9275	4
9279	6
9301	5
9302	8
9311	7
9315	4
9335	4
9342	8
9355	6
9369	8
9374	8
9395	8
9402	10
9420	8
9429	8
9430	6
9434	6
9440	4
9452	8
9453	8
9462	8
9467	8
9495	10
9499	10
9501	3
9503	1
9509	4
9522	10
9550	5
9552	6
9561	6
9570	8
