18	6
19	10
34	4
41	8
45	8
58	8
65	6
78	9
91	8
96	10
100	6
112	6
115	7
122	10
125	6
126	7
135	10
137	8
139	6
143	6
173	8
174	6
175	10
179	8
203	8
214	8
215	8
226	10
243	8
249	8
267	8
274	8
275	8
276	8
279	10
289	8
292	8
302	8
306	8
310	8
323	9
324	7
334	8
340	8
351	6
368	8
379	6
410	6
419	10
426	6
431	9
434	6
440	9
444	10
450	8
459	5
476	8
480	8
490	8
493	10
497	7
513	8
522	8
523	8
524	7
533	8
541	6
543	10
545	10
555	8
558	8
560	8
570	10
571	7
579	8
582	10
585	6
589	6
591	6
595	6
601	8
621	7
633	9
634	10
642	8
643	8
649	10
655	10
657	10
667	8
671	6
672	6
678	8
686	8
688	3
698	8
702	8
710	8
714	8
726	8
731	10
732	7
734	6
757	8
780	8
786	10
787	8
790	10
798	7
801	6
803	8
812	6
817	10
824	8
826	8
830	8
837	8
843	6
851	7
867	10
871	6
885	8
892	10
896	6
905	8
906	8
911	8
913	8
915	8
928	7
933	6
936	8
949	9
953	8
957	8
966	7
972	10
977	8
984	8
998	8
1008	8
1014	8
1021	6
1023	9
1038	10
1041	9
1045	8
1058	8
1060	8
1063	10
1074	6
1075	8
1084	8
1088	10
1126	10
1127	10
1132	8
1134	8
1135	10
1139	8
1140	8
1143	10
1144	10
1161	6
1166	8
1168	8
1173	6
1177	8
1182	6
1190	10
1191	10
1198	8
1227	6
1230	7
1236	7
1256	8
1265	6
1287	6
1288	5
1294	9
1297	10
1302	10
1305	10
1306	9
1311	10
1320	8
1326	10
1327	6
1333	10
1337	6
1347	8
1350	8
1352	10
1355	7
1367	7
1377	8
1391	10
1396	6
1401	8
1405	8
1406	8
1408	8
1411	8
1423	10
1431	10
1433	8
1435	7
1445	8
1450	8
1464	8
1469	6
1471	8
1478	10
1479	8
1482	8
1485	8
1488	6
1494	8
1506	8
1515	8
1518	8
1519	6
1523	6
1530	8
1531	6
1532	8
1534	6
1537	8
1541	6
1545	8
1549	8
1551	8
1557	10
1567	8
1569	8
1573	6
1578	8
1590	9
1605	6
1614	6
1621	10
1625	8
1630	8
1636	6
1640	8
1645	10
1650	8
1651	10
1655	8
1673	8
1697	9
1702	10
1704	9
1709	6
1731	8
1732	8
1747	8
1751	7
1756	7
1761	8
1763	8
1771	9
1772	10
1773	10
1777	10
1786	4
1787	8
1790	8
1797	8
1805	9
1815	8
1817	10
1825	10
1832	10
1838	8
1846	10
1851	10
1860	8
1864	8
1866	7
1870	9
1876	6
1878	8
1887	8
1888	10
1906	8
1913	8
1915	7
1918	8
1921	8
1926	8
1932	8
1958	8
1973	6
1981	7
1988	7
2002	8
2010	8
2028	8
2029	6
2034	7
2039	7
2044	2
2047	8
2050	8
2052	9
2056	6
2057	4
2066	6
2067	8
2090	6
2093	6
2096	8
2100	10
2106	10
2107	10
2122	4
2127	8
2129	8
2134	6
2161	8
2164	8
2167	7
2174	8
2191	8
2194	10
2197	10
2204	6
2213	8
2227	10
2233	10
2241	8
2253	10
2258	8
2267	6
2275	6
2297	8
2300	10
2304	6
2305	8
2314	6
2324	9
2325	8
2349	10
2350	8
2356	7
2361	9
2368	6
2379	10
2404	6
2421	8
2424	6
2426	10
2428	6
2435	9
2444	6
2460	8
2466	6
2467	6
2483	10
2484	8
2485	8
2500	9
2503	8
2504	6
2505	8
2512	10
2515	8
2521	8
2527	8
2531	8
2534	8
2536	8
2544	9
2545	8
2553	8
2555	10
2566	8
2574	8
2579	10
2589	8
2590	10
2596	6
2602	8
2624	10
2637	6
2650	10
2652	10
2657	7
2661	6
2662	4
2676	6
2681	6
2685	10
2686	7
2695	8
2707	10
2709	8
2711	9
2713	8
2720	8
2721	8
2724	9
2726	8
2739	8
2747	10
2764	10
2765	8
2770	10
2780	8
2784	8
2796	7
2799	4
2809	10
2810	4
2812	6
2813	6
2814	8
2821	4
2826	6
2828	6
2834	8
2852	8
2853	8
2871	8
2877	6
2891	8
2896	10
2903	8
2911	8
2912	8
2920	8
2933	8
2936	8
2939	10
2942	6
2949	10
2950	10
2955	6
2964	9
2968	8
2969	8
2974	8
2983	8
2987	10
2988	8
2991	8
3001	8
3003	10
3004	8
3010	10
3016	7
3019	10
3022	10
3025	10
3026	8
3030	8
3041	8
3045	10
3048	8
3049	6
3057	9
3060	6
3063	8
3067	8
3068	10
3073	8
3081	8
3084	8
3088	6
3089	10
3103	8
3104	8
3106	6
3109	6
3117	10
3123	10
3124	8
3133	8
3134	8
3145	8
3148	6
3149	6
3152	8
3154	8
3163	8
3170	10
3171	8
3174	8
3182	6
3189	8
3197	6
3199	8
3200	8
3204	8
3212	6
3219	7
3220	8
3228	6
3244	10
3264	7
3277	6
3285	8
3288	10
3295	8
3298	8
3301	8
3318	10
3324	7
3325	7
3336	9
3337	8
3340	10
3346	8
3350	6
3355	10
3365	10
3366	10
3374	8
3384	8
3388	10
3397	8
3411	10
3420	10
3434	7
3435	10
3448	8
3451	8
3454	6
3471	8
3475	10
3476	8
3496	10
3504	10
3510	8
3515	10
3519	10
3521	9
3526	8
3534	10
3535	10
3539	8
3562	10
3573	8
3582	8
3589	9
3592	6
3594	9
3599	9
3600	10
3634	10
3635	7
3646	10
3652	6
3658	8
3659	8
3662	10
3664	10
3665	9
3669	8
3680	8
3691	8
3693	8
3698	8
3699	7
3705	6
3712	6
3714	10
3717	7
3721	8
3729	10
3734	6
3747	10
3754	8
3761	8
3768	8
3771	9
3776	6
3778	7
3781	8
3783	10
3784	8
3791	10
3793	6
3795	8
3796	8
3800	8
3805	8
3806	10
3810	4
3817	7
3828	10
3830	8
3840	6
3847	8
3855	6
3865	10
3867	6
3881	6
3898	7
3902	9
3915	10
3917	8
3920	10
3922	8
3930	8
3957	6
3970	8
3976	9
3980	8
3991	8
4005	10
4007	8
4009	8
4019	10
4026	8
4033	8
4051	6
4056	8
4076	10
4078	7
4090	10
4094	10
4099	8
4101	10
4102	10
4125	10
4135	8
4140	8
4152	10
4171	9
4182	8
4187	8
4192	10
4198	10
4206	6
4213	9
4214	6
4219	6
4220	4
4226	8
4227	8
4228	2
4229	4
4235	8
4241	10
4250	8
4263	8
4269	7
4289	8
4302	8
4311	8
4316	6
4317	6
4321	8
4327	8
4332	8
4335	6
4341	7
4345	6
4353	10
4361	8
4364	8
4368	8
4373	6
4375	8
4377	8
4385	10
4391	8
4396	8
4401	9
4409	8
4430	8
4431	8
4432	7
4436	6
4441	8
4445	6
4457	10
4466	6
4467	10
4469	10
4471	8
4475	10
4494	10
4496	8
4497	8
4498	8
4499	9
4503	9
4513	8
4517	6
4523	10
4524	6
4526	9
4527	8
4534	9
4538	10
4544	7
4549	8
4557	8
4558	8
4564	10
4572	10
4578	10
4589	10
4594	5
4595	10
4596	10
4601	8
4606	7
4612	8
4629	8
4636	9
4651	8
4657	9
4665	8
4671	8
4712	8
4714	8
4715	5
4720	8
4724	6
4726	10
4747	10
4748	8
4772	8
4773	6
4784	9
4789	8
4806	10
4816	8
4820	10
4822	8
4823	8
4825	10
4826	8
4827	8
4828	6
4844	10
4848	6
4850	10
4856	9
4867	8
4873	6
4882	6
4907	8
4909	8
4911	10
4924	8
4928	6
4939	9
4950	6
4964	10
4969	10
5006	8
5009	10
5016	8
5018	4
5025	10
5027	6
5030	10
5037	8
5039	7
5052	10
5061	6
5062	7
5066	8
5068	10
5078	8
5085	8
5093	10
5099	8
5100	8
5104	6
5110	9
5112	6
5114	8
5118	10
5123	6
5134	10
5138	5
5168	7
5174	7
5191	10
5192	8
5194	8
5199	6
5201	8
5203	10
5204	8
5213	4
5217	6
5218	6
5220	8
5224	6
5226	6
5230	10
5235	7
5238	10
5247	6
5262	8
5263	8
5265	6
5266	9
5275	10
5277	8
5280	8
5285	10
5290	8
5296	8
5327	10
5334	8
5336	10
5340	8
5344	10
5353	10
5355	10
5356	8
5363	2
5365	8
5367	4
5376	8
5390	8
5395	8
5396	9
5402	6
5425	10
5433	8
5436	8
5438	10
5444	10
5446	10
5459	8
5461	8
5467	8
5474	9
5479	8
5480	6
5481	6
5483	10
5488	8
5489	8
5495	6
5497	10
5508	6
5510	8
5519	8
5523	8
5525	8
5536	10
5539	8
5546	9
5552	8
5564	7
5578	10
5580	7
5586	7
5596	8
5607	10
5610	10
5613	10
5616	8
5619	6
5631	4
5636	6
5641	10
5654	6
5658	6
5667	9
5672	8
5678	10
5689	8
5694	8
5703	9
5711	8
5714	8
5716	10
5720	8
5737	10
5744	10
5746	8
5747	7
5760	8
5794	6
5798	6
5806	10
5813	8
5823	8
5829	1
5835	9
5836	10
5838	6
5840	9
5846	8
5847	6
5848	8
5855	6
5858	6
5865	7
5874	8
5879	8
5888	8
5892	8
5903	8
5913	10
5917	8
5920	7
5925	6
5927	8
5929	8
5932	8
5933	9
5935	7
5939	9
5955	8
5968	10
5969	6
5972	10
5978	7
5981	6
5992	8
5993	6
5998	8
6014	7
6018	6
6027	6
6035	10
6036	8
6043	10
6046	9
6054	8
6070	6
6072	8
6076	9
6077	8
6086	8
6090	7
6103	10
6104	9
6108	8
6116	10
6117	8
6143	8
6148	8
6150	6
6159	5
6161	6
6172	9
6191	10
6201	10
6218	6
6220	10
6224	10
6227	9
6239	6
6240	7
6245	8
6260	6
6267	8
6269	6
6273	10
6276	7
6285	7
6287	10
6289	8
6293	8
6314	8
6316	8
6325	10
6327	8
6336	8
6337	6
6338	8
6343	8
6351	10
6352	6
6363	8
6373	8
6385	10
6393	9
6403	6
6410	6
6415	8
6418	8
6419	7
6426	8
6440	8
6442	8
6443	6
6448	10
6453	10
6458	10
6459	8
6464	10
6465	6
6470	7
6477	9
6481	8
6489	8
