13	8
19	8
34	8
56	10
81	8
96	10
104	10
112	8
126	8
138	8
152	8
175	8
182	10
198	10
203	8
205	8
214	8
215	10
216	8
235	8
259	8
275	10
289	10
291	10
300	10
344	10
351	10
377	8
390	7
394	10
437	10
462	10
498	8
503	9
533	9
545	7
550	10
558	10
577	6
582	10
585	10
595	10
610	10
621	9
622	10
633	7
636	7
657	8
662	10
694	8
697	8
702	8
734	8
740	8
744	8
798	7
820	10
826	7
838	7
839	9
867	10
871	10
885	10
913	10
971	10
985	8
991	10
1009	4
1011	10
1014	10
1034	8
1088	6
1100	10
1122	10
1143	10
1186	8
1191	8
1224	10
1231	8
1233	10
1239	8
1242	10
1278	10
1287	10
1326	5
1327	8
1350	10
1369	8
1377	8
1378	8
1397	6
1398	10
1404	10
1407	8
1436	10
1459	8
1461	9
1518	8
1521	5
1524	10
1527	9
1549	10
1557	8
1573	8
1579	8
1590	7
1605	8
1618	10
1633	9
1640	9
1644	10
1652	9
1667	10
1680	10
1697	9
1702	10
1740	10
1745	6
1747	10
1774	9
1785	10
1786	4
1810	8
1832	8
1838	10
1849	9
1854	9
1861	9
1879	10
1881	9
1885	10
1915	8
1918	6
1926	8
1932	10
1940	10
1970	8
1973	8
1981	9
2002	8
2034	9
2037	10
2038	6
2053	7
2060	9
2066	6
2073	9
2086	6
2097	6
2099	8
2106	10
2127	10
2134	9
2152	6
2154	8
2161	8
2168	9
2194	8
2204	10
2233	6
2267	10
2324	9
2325	10
2332	8
2348	10
2350	6
2357	9
2361	10
2373	10
2385	6
2397	8
2424	10
2425	6
2429	7
2435	9
2460	10
2484	6
2500	7
2503	6
2505	10
2510	7
2513	9
2522	8
2524	7
2527	7
2534	10
2542	8
2555	8
2563	7
2564	10
2566	10
2574	10
2583	10
2584	8
2596	8
2627	10
2675	10
2686	10
2703	2
2707	8
2709	8
2724	8
2729	8
2739	8
2744	10
2765	10
2780	8
2784	8
2785	8
2813	7
2821	8
2827	8
2829	9
2834	8
2842	9
2852	8
2853	10
2862	9
2874	8
2910	8
2915	10
2924	10
2930	9
2950	8
2963	8
2968	6
2987	10
2990	8
3011	8
3017	9
3022	10
3043	8
3073	7
3089	10
3123	10
3130	10
3144	8
3145	8
3152	10
3154	6
3162	10
3171	10
3220	8
3244	10
3250	10
3266	8
3270	7
3271	10
3281	10
3285	8
3301	6
3324	10
3330	8
3334	8
3336	9
3346	6
3366	8
3369	8
3384	5
3392	9
3421	9
3477	4
3485	8
3527	10
3535	10
3546	10
3572	8
3582	10
3589	10
3595	8
3619	8
3629	7
3634	10
3642	9
3644	8
3667	9
3669	10
3698	10
3712	8
3721	10
3734	10
3735	10
3781	8
3783	10
3784	7
3793	7
3810	7
3817	7
3818	9
3828	10
3840	8
3853	10
3859	8
3897	10
3898	9
3906	8
3914	8
3941	8
3977	9
3992	6
4019	10
4047	10
4078	10
4098	10
4110	8
4122	9
4129	8
4162	8
4177	9
4206	10
4210	9
4219	6
4229	8
4236	10
4237	8
4240	10
4258	7
4259	9
4306	10
4316	10
4321	10
4333	8
4372	10
4373	8
4385	10
4405	10
4430	10
4436	10
4459	7
4496	10
4497	10
4513	10
4523	8
4525	8
4535	8
4547	6
4565	8
4568	8
4597	10
4598	6
4640	10
4642	10
4651	10
4681	10
4688	8
4715	7
4716	8
4719	8
4723	10
4726	10
4728	10
4741	10
4748	10
4751	6
4754	10
4767	10
4772	6
4783	8
4787	8
4820	8
4823	10
4850	9
4873	8
4936	10
4939	8
4953	10
4964	10
4978	8
4987	8
5002	10
5014	9
5019	9
5039	8
5065	8
5100	9
5112	8
5118	10
5168	10
5174	8
5190	10
5226	8
5232	7
5241	10
5247	8
5252	9
5266	8
5332	10
5337	10
5340	8
5352	8
5379	8
5403	10
5405	9
5414	10
5433	6
5436	10
5451	7
5458	8
5480	10
5483	8
5510	8
5529	9
5540	10
5543	6
5567	8
5580	10
5596	8
5600	9
5627	9
5632	6
5641	10
5654	9
5658	10
5661	10
5667	6
5670	9
5679	8
5716	10
5719	9
5720	8
5762	8
5763	10
5792	8
5798	10
5829	8
5834	10
5840	10
5847	10
5855	8
5900	10
5913	9
5917	6
5925	8
5932	8
5933	9
5955	10
5974	10
5983	8
5992	10
6001	10
6045	9
6076	10
6091	10
6121	6
6142	10
6148	8
6159	4
6161	8
6172	9
6186	10
6203	8
6209	8
6220	10
6250	8
6253	8
6267	10
6272	7
6276	7
6281	8
6287	10
6292	6
6323	9
6336	10
6339	10
6343	10
6352	8
6360	10
6373	8
6403	8
6420	8
6421	9
6424	10
6439	10
6465	8
6476	10
6477	8
6481	8
6502	10
6511	10
6512	10
6534	8
6569	8
6580	10
6581	8
6582	9
6587	8
6592	9
6625	8
6678	9
6716	8
6720	8
6726	10
6727	7
6729	6
6730	8
6735	7
6743	9
6757	9
6758	8
6761	10
6769	8
6785	9
6836	9
6857	10
6860	10
6879	10
6886	8
6889	9
6890	5
6894	6
6905	8
6915	9
6924	10
6970	8
6982	10
6986	9
7001	10
7051	10
7057	6
7061	10
7081	6
7086	8
7089	10
7090	8
7105	8
7110	7
7154	8
7156	9
7158	10
7163	8
7168	10
7198	7
7204	6
7209	8
7210	6
7252	8
7289	4
7302	8
7303	8
7304	7
7307	8
7342	5
7354	10
7356	9
7374	8
7392	10
7411	9
7417	9
7426	9
7441	7
7456	10
7461	10
7465	8
7495	10
7504	9
7522	8
7534	7
7537	8
7555	8
7586	9
7612	7
7615	8
7635	10
7649	8
7655	10
7674	10
7679	7
7683	10
7685	9
7706	8
7727	10
7757	10
7778	8
7786	9
7795	10
7819	8
7836	10
7838	8
7849	8
7856	10
7869	10
7898	8
7902	6
7946	4
7951	7
7979	8
7986	10
8004	7
8012	8
8031	8
8032	10
8048	10
8055	8
8060	10
8073	8
8083	9
8109	10
8127	9
8146	9
8159	6
8173	8
8181	4
8188	6
8189	9
8204	10
8209	9
8238	8
8248	9
8265	6
8312	8
8317	4
8323	8
8325	5
8331	8
8344	10
8348	8
8352	5
8360	9
8371	4
8391	9
8395	10
8412	4
8441	10
8447	9
8459	8
8467	8
8475	10
8476	8
8485	8
8497	6
8504	9
8517	8
8524	10
8577	10
8597	10
8608	10
8618	8
8642	10
8681	10
8684	10
8701	9
8732	10
8734	8
8739	10
8740	9
8796	8
8806	6
8811	8
8813	8
8820	10
8846	10
8856	7
8857	8
8870	8
8875	6
8877	10
8882	8
8892	10
8900	10
8922	10
8934	10
8935	10
8952	8
8961	8
8965	8
8987	8
8989	10
9050	8
9051	10
9079	8
9082	10
9085	10
9095	8
9104	9
9117	10
9139	9
9159	8
9160	8
9179	10
9180	8
9199	8
9208	10
9213	8
9227	10
9249	9
9294	10
9300	9
9302	8
9309	10
9319	10
9328	10
9335	10
9354	8
9356	10
9362	8
9383	10
9391	8
9420	10
9433	9
9439	6
9444	10
9469	10
9470	10
9475	8
9485	10
9487	10
9493	9
9509	10
9522	10
9538	7
9554	9
9565	10
9580	6
9610	8
9614	8
9618	9
9624	10
9643	10
9650	10
9666	9
9673	8
9704	5
9719	10
9732	6
9742	8
9750	8
9771	8
9781	6
9806	8
9807	10
9819	10
9820	10
9852	8
9854	8
9883	8
9889	8
9900	10
9922	10
9927	10
9934	7
9944	10
9952	9
9979	9
9988	8
9994	8
10002	10
10017	8
10022	10
10028	10
10036	9
10046	8
10057	9
10067	7
10076	8
10077	9
10107	6
10111	4
10112	10
10132	8
10151	9
10168	10
10171	8
10189	8
10207	8
10218	8
10228	8
10235	10
10245	8
10256	10
10270	10
10275	9
10277	8
10301	6
10313	10
10327	9
10331	10
10332	8
10334	8
10402	8
10411	8
10418	8
10435	8
10462	8
10464	9
10470	6
10477	8
10489	6
10504	6
10570	7
10589	8
10620	9
10632	9
10636	7
10652	7
10658	10
10660	8
10680	6
10719	10
10723	10
10724	9
10750	9
10759	9
10760	8
10765	6
10791	8
10821	10
10835	8
10844	10
10845	10
10850	10
10856	6
10858	10
10866	10
10886	8
10931	9
11001	10
11028	8
11039	10
11040	10
11041	6
11050	9
11052	7
11060	6
11076	10
11079	6
11090	8
11107	6
11158	9
11173	6
11174	8
11175	10
11186	10
11193	8
11198	10
11228	8
11232	10
11261	8
11277	8
11293	8
11312	8
11314	9
11316	10
11323	10
11342	7
11347	6
11377	6
11378	6
11388	7
11434	4
11443	1
11446	10
11448	8
11453	8
11468	10
11478	8
11481	6
11510	9
11514	7
11529	8
11568	8
11571	10
11585	6
11604	10
11606	9
11607	9
11629	6
11633	8
11638	7
11645	9
11646	9
11681	10
11685	8
11686	10
11726	10
11760	10
11780	10
11781	8
11798	10
11801	10
11815	8
11824	8
11841	10
11858	10
11893	10
11894	7
11931	6
11941	9
11971	10
11977	8
11988	10
12010	10
12013	6
12016	8
12025	9
12027	8
12039	10
12051	8
12055	10
12069	8
12075	8
12084	10
12092	8
12106	8
12110	6
12125	10
12139	9
12147	10
12168	10
12169	9
12176	10
12187	8
12190	6
12209	10
12243	6
12250	8
12265	10
12270	10
12292	8
12296	10
12301	10
12302	8
12309	8
12313	9
12321	8
12344	8
12346	9
12352	8
12360	9
12363	10
12367	8
12394	9
12398	8
12411	7
12456	8
12471	10
12472	10
12477	6
12508	6
12537	8
12539	8
12561	7
12588	10
12590	8
12628	8
12635	8
12644	10
12651	8
12661	9
12664	8
12671	6
12672	8
12724	8
12733	10
12734	10
12742	7
12752	9
12759	10
12784	10
12791	9
12797	4
12803	8
12816	10
12824	4
12834	9
12848	10
12894	10
12904	6
12910	9
12917	8
12926	9
12931	8
12938	10
12946	10
12951	8
12952	8
12957	8
12960	9
12969	10
13011	6
13019	8
13026	8
13028	10
13033	6
13043	8
13047	6
13069	8
13085	10
13089	10
13111	10
13120	6
13133	10
13152	10
13169	8
13170	8
13188	10
13216	8
13220	8
13244	8
13274	10
13313	9
