1	10
4	10
8	6
18	6
19	10
22	8
30	10
34	6
36	10
41	10
42	6
47	9
50	6
54	6
56	10
65	8
67	8
73	8
77	8
82	8
88	9
95	10
101	8
102	2
116	10
125	6
126	7
131	2
135	8
139	6
143	10
144	8
154	7
158	6
159	6
161	6
162	8
164	6
168	8
170	4
173	10
175	10
179	10
182	8
183	10
187	7
192	6
198	9
199	10
201	4
203	4
207	6
210	10
214	8
215	8
216	8
219	10
221	8
228	6
232	6
236	6
247	10
254	7
255	6
259	1
260	6
263	10
268	6
273	10
274	10
276	8
279	7
281	6
290	10
292	7
294	8
298	8
307	4
308	10
310	8
311	8
315	4
318	10
321	10
325	8
326	10
332	10
340	8
344	8
348	8
349	8
351	8
354	10
359	5
365	10
368	6
373	8
379	8
381	10
382	8
384	4
386	8
389	8
391	8
392	10
398	6
400	10
404	8
410	10
416	10
419	2
424	10
426	6
428	10
431	9
432	8
434	6
436	8
438	8
444	8
452	8
454	8
456	6
459	3
462	8
469	10
471	8
472	8
476	9
478	4
481	7
482	7
483	10
493	9
501	8
503	6
504	6
505	10
506	8
507	10
509	10
510	8
513	6
529	6
533	8
535	6
539	10
543	6
545	8
547	10
550	6
553	6
554	5
556	6
558	8
561	7
562	10
565	8
567	8
571	7
572	6
574	8
578	4
581	10
584	6
585	4
588	6
590	10
593	6
600	9
601	10
605	6
608	3
609	10
617	6
621	7
622	8
623	8
627	10
633	6
636	7
639	10
643	8
645	6
655	10
656	8
657	6
659	7
660	3
661	6
662	8
677	10
678	6
683	7
684	9
688	7
689	8
693	10
695	8
701	6
714	7
716	8
719	8
720	10
721	8
727	8
734	10
735	6
742	8
743	8
745	10
755	6
759	6
775	10
780	8
784	7
786	6
788	10
789	6
790	8
793	8
795	4
798	6
803	6
806	8
810	6
812	8
820	7
822	8
823	10
827	10
828	10
840	8
842	8
846	6
852	8
859	7
862	6
865	9
867	8
874	9
881	10
887	8
891	5
892	6
895	8
902	10
905	8
907	6
912	8
922	7
924	6
928	8
932	8
933	6
937	8
946	8
949	10
956	6
966	6
970	6
971	6
983	6
988	4
990	10
1001	8
1004	7
1005	6
1008	8
1014	10
1018	7
1020	10
1021	8
1025	10
1026	10
1029	6
1033	8
1034	7
1038	10
1045	10
1047	9
1050	6
1057	8
1058	8
1059	6
1062	8
1066	10
1068	8
1075	7
1077	6
1078	8
1079	10
1087	10
1094	8
1103	10
1114	6
1119	10
1125	6
1126	10
1127	10
1129	8
1139	8
1140	7
1143	8
1147	8
1149	2
1152	6
1156	6
1159	8
1160	10
1163	9
1164	6
1171	10
1174	8
1176	6
1177	10
1180	10
1182	6
1186	6
1191	6
1193	2
1202	3
1203	5
1204	8
1211	6
1213	8
1216	8
1221	8
1223	8
1226	10
1227	6
1228	10
1232	10
1236	7
1238	10
1242	6
1253	8
1257	8
1260	8
1261	8
1262	8
1265	6
1268	10
1269	8
1275	10
1277	2
1287	6
1288	9
1294	8
1302	7
1304	8
1312	8
1314	7
1320	8
1326	10
1327	8
1331	8
1333	6
1335	10
1339	6
1347	8
1349	8
1350	6
1352	8
1355	6
1364	6
1367	7
1375	8
1378	6
1382	6
1385	6
1389	8
1390	6
1391	8
1392	7
1395	7
1398	7
1399	8
1401	6
1403	10
1406	6
1407	8
1408	6
1409	6
1415	6
1417	8
1419	5
1420	6
1422	10
1423	8
1426	10
1427	7
1431	4
1433	8
1434	7
1435	5
1437	10
1453	8
1466	7
1467	6
1468	10
1479	10
1485	6
1486	8
1488	4
1494	6
1495	8
1499	6
1500	10
1506	10
1510	8
1511	10
1514	10
1517	8
1522	7
1523	10
1527	6
1531	9
1533	4
1534	2
1535	8
1538	6
1544	8
1545	8
1551	10
1552	8
1555	8
1557	6
1560	6
1570	10
1573	8
1576	6
1578	4
1583	6
1584	10
1585	8
1588	6
1590	6
1601	6
1604	10
1605	8
1614	8
1624	8
1625	7
1628	10
1630	8
1631	10
1632	8
1633	8
1640	8
1641	6
1647	10
1651	8
1658	10
1663	7
1667	7
1668	7
1677	10
1683	8
1684	6
1685	6
1687	6
1694	6
1697	7
1699	10
1704	8
1711	10
1715	8
1721	8
1724	8
1741	10
1742	6
1750	4
1751	7
1755	4
1756	2
1758	6
1759	8
1763	6
1765	10
1769	8
1771	8
1786	4
1793	9
1795	6
1799	6
1800	8
1805	7
1811	9
1817	8
1818	8
1819	6
1820	8
1828	5
1829	10
1835	8
1836	8
1837	6
1846	8
1848	8
1854	8
1858	8
1860	6
1861	4
1862	10
1863	6
1873	6
1878	8
1880	6
1881	5
1882	6
1887	8
1888	6
1890	6
1897	6
1901	6
1904	8
1905	6
1906	6
1907	7
1908	8
1915	6
1916	6
1918	6
1919	6
1927	6
1932	6
1933	8
1937	10
1938	8
1942	6
1944	6
1953	10
1963	6
1965	8
1966	9
1968	6
1970	10
1973	10
1974	7
1981	6
1982	8
1986	10
1987	10
1989	8
1996	10
1997	6
1999	4
2007	6
2012	9
2013	8
2018	8
2020	10
2026	4
2029	6
2034	8
2036	4
2037	10
2039	6
2044	6
2045	9
2046	8
2047	8
2050	6
2053	8
2056	10
2059	8
2061	10
2062	6
2064	4
2069	8
2072	8
2079	8
2084	9
2093	8
2102	9
2111	10
2122	9
2123	6
2132	8
2134	8
2143	8
2144	8
2148	8
2152	6
2154	8
2156	10
2159	6
2161	10
2162	5
2166	8
2168	6
2169	8
2172	8
2173	10
2176	6
2179	10
2181	8
2187	8
2197	8
2201	6
2204	8
2207	6
2214	7
2216	8
2218	6
2221	8
2225	8
2226	6
2227	10
2230	6
2233	6
2236	6
2237	10
2243	4
2246	8
2251	7
2252	10
2254	6
2255	8
2257	6
2261	4
2263	10
2264	10
2266	6
2270	1
2273	10
2275	10
2281	6
2282	5
2283	10
2285	6
2291	6
2294	6
2300	10
2312	10
2317	6
2321	8
2324	9
2325	8
2335	8
2336	9
2339	10
2342	6
2357	10
2361	8
2370	6
2385	10
2387	8
2394	6
2398	10
2399	10
2401	7
2402	6
2407	8
2411	10
2419	6
2424	10
2428	7
2429	9
2434	10
2435	7
2439	8
2440	7
2442	10
2445	6
2448	7
2455	7
2457	8
2463	8
2464	8
2466	6
2467	6
2471	7
2480	8
2482	10
2483	6
2484	6
2487	7
2488	8
2489	8
2492	9
2497	4
2498	8
2500	7
2503	4
2505	6
2513	9
2515	6
2517	6
2522	8
2537	8
2538	10
2539	6
2541	2
2543	6
2547	6
2549	8
2551	10
2556	8
2558	7
2566	8
2567	10
2570	5
2572	6
2574	4
2575	10
2581	6
2585	10
2588	6
2596	6
2607	6
2612	8
2614	8
2615	8
2619	5
2620	6
2624	8
2629	10
2632	10
2634	8
2646	10
2652	8
2653	6
2655	8
2657	9
2659	8
2660	8
2662	4
2667	10
2676	8
2680	10
2686	9
2692	6
2696	8
2698	7
2703	10
2714	6
2716	6
2725	10
2727	10
2732	8
2735	5
2737	8
2738	8
2742	10
2744	8
2746	6
2747	8
2751	6
2753	10
2756	7
2762	6
2765	10
2769	10
2770	9
2772	10
2777	8
2783	4
2784	7
2787	10
2795	10
2796	5
2799	8
2803	8
2804	6
2805	6
2807	6
2810	8
2812	7
2813	10
2814	4
2817	8
2820	6
2821	4
2823	10
2824	8
2825	8
2826	6
2828	10
2829	7
2831	6
2833	10
2838	8
2841	8
2842	8
2845	8
2847	10
2849	8
2850	10
2852	6
2853	6
2862	8
2867	1
2869	10
2871	10
2872	8
2879	1
2891	10
2895	8
2902	8
2908	8
2910	7
2911	10
2916	8
2920	7
2921	6
2923	10
2931	6
2932	8
2941	10
2946	8
2955	8
2958	2
2963	8
2964	7
2974	8
2976	8
2981	8
2986	8
2987	10
2989	9
2993	10
2994	6
2998	8
3007	8
3008	6
3009	8
3013	8
3022	8
3024	10
3027	9
3029	8
3034	6
3035	10
3036	10
3040	6
3041	6
3044	8
3045	4
3046	6
3051	6
3052	8
3057	7
3059	8
3061	2
3065	6
3067	8
3070	10
3073	10
3074	6
3075	10
3076	10
3082	8
3083	10
3086	8
3088	8
3089	6
3103	7
3104	7
3108	8
3114	8
3117	8
3126	8
3131	10
3133	8
3139	10
3141	10
3144	8
3149	7
3150	10
3152	10
3159	10
3163	10
3166	10
3170	10
3174	8
3177	8
3181	6
3189	8
3202	8
3206	6
3207	8
3210	8
3211	6
3213	10
3215	6
3219	6
3220	8
3222	6
3229	8
3232	6
3239	8
3241	4
3242	6
3257	8
3260	10
3264	9
3265	2
3267	6
3274	8
3277	6
3284	6
3285	10
3286	10
3290	9
3292	8
3299	8
3301	10
3304	7
3308	4
3313	7
3314	8
3315	10
3316	8
3321	10
3325	5
3326	10
3330	5
3332	6
3336	8
3337	9
3339	8
3340	2
3346	8
3350	7
3359	4
3360	6
3364	8
3366	8
3383	7
3385	8
3389	10
3392	8
3394	10
3398	8
3405	6
3412	6
3426	6
3427	10
3428	6
3429	8
3434	6
3444	6
3448	6
3449	8
3452	8
3468	10
3471	8
3473	10
3474	10
3476	10
3477	6
3479	6
3480	8
3481	6
3483	6
3484	8
3486	8
3488	5
3492	10
3496	6
3500	8
3505	6
3512	6
3513	10
3525	7
3537	6
3540	8
3541	7
3542	10
3549	7
3550	10
3558	8
3562	10
3567	10
3575	9
3577	6
3583	8
3585	10
3586	10
3591	6
3592	4
3594	10
3595	8
3599	8
3600	8
3602	8
3605	10
3606	10
3609	8
3610	8
3611	10
3619	2
3624	4
3631	10
3633	10
3634	8
3636	10
3639	9
