6	8
8	8
11	10
13	10
16	8
18	8
30	10
35	2
36	8
38	2
41	6
43	10
45	8
47	9
53	8
56	6
57	10
65	8
81	8
82	7
84	6
88	8
96	8
103	6
105	6
106	6
107	8
112	8
115	6
124	10
125	6
126	3
137	10
138	7
139	8
143	4
144	8
149	5
152	6
154	9
155	8
160	8
162	6
170	5
175	8
179	10
182	10
190	8
192	4
196	10
198	7
201	6
203	6
209	8
210	10
211	8
212	6
214	6
215	8
216	10
226	10
230	6
243	8
249	9
253	8
254	6
259	6
261	2
262	4
265	6
267	5
271	10
274	8
275	8
276	7
289	8
292	8
295	8
296	6
300	6
302	10
303	5
307	8
310	10
318	6
320	6
323	10
325	10
327	10
334	4
345	6
346	10
347	8
351	8
353	6
354	8
357	10
358	9
368	8
375	8
383	6
386	8
389	5
396	8
403	6
407	9
411	8
412	10
414	6
419	8
424	10
426	6
433	8
434	8
438	8
440	7
444	8
450	8
452	10
459	8
463	8
465	4
469	6
476	6
479	4
480	2
481	8
482	7
485	4
493	6
501	8
503	8
507	10
513	6
516	9
521	6
524	7
529	6
533	8
535	7
541	6
543	8
545	8
550	10
554	5
555	7
557	6
558	8
561	8
565	6
572	7
573	6
576	6
578	8
579	8
582	4
585	6
590	6
591	6
601	8
619	10
621	7
627	8
633	3
634	10
636	8
642	10
643	6
647	6
650	10
657	8
660	2
672	6
674	10
678	6
679	8
683	8
686	4
688	8
691	8
695	6
702	6
703	8
704	10
708	8
714	7
716	6
723	5
731	8
739	10
742	8
745	6
746	6
753	8
759	2
761	8
765	10
771	6
773	8
781	10
783	5
784	7
786	10
788	8
793	7
797	6
798	7
803	4
809	8
813	6
815	8
820	6
823	10
824	6
826	7
830	8
832	8
833	7
834	4
837	3
838	6
840	6
844	8
847	4
851	8
856	6
857	8
859	4
863	6
865	8
867	6
873	8
874	6
885	8
886	8
887	8
890	8
891	7
898	6
902	9
905	10
908	10
915	10
919	10
922	8
928	8
948	8
953	10
954	6
957	6
964	8
966	7
971	2
972	6
977	8
983	5
988	6
992	6
1004	7
1005	8
1008	6
1009	5
1011	6
1018	4
1021	6
1025	10
1030	8
1033	8
1035	6
1040	6
1053	10
1055	10
1063	6
1068	8
1072	9
1075	6
1077	6
1084	8
1088	8
1098	10
1101	6
1109	10
1118	7
1125	4
1126	8
1129	8
1132	10
1134	8
1137	8
1139	6
1143	10
1150	6
1154	8
1156	8
1160	10
1167	4
1169	7
1174	7
1176	8
1177	8
1178	10
1181	10
1182	8
1185	8
1186	7
1187	6
1190	8
1191	6
1192	8
1198	6
1209	6
1214	7
1220	8
1222	6
1224	7
1234	2
1236	6
1239	8
1248	8
1254	8
1265	8
1267	6
1270	9
1274	8
1278	8
1287	4
1288	7
1294	4
1296	6
1297	6
1299	8
1302	6
1304	6
1305	6
1315	10
1327	8
1329	8
1331	6
1333	6
1334	4
1336	8
1337	5
1348	8
1351	10
1352	8
1355	7
1360	8
1374	8
1377	8
1378	6
1383	8
1388	10
1391	8
1392	8
1403	10
1404	6
1406	8
1407	8
1408	7
1410	8
1413	8
1419	6
1420	8
1421	8
1422	6
1423	10
1424	6
1426	10
1431	8
1433	10
1435	7
1439	7
1440	8
1445	2
1450	8
1451	4
1466	9
1467	7
1470	10
1474	4
1478	6
1479	8
1482	8
1484	8
1485	8
1494	8
1495	8
1496	8
1498	8
1499	6
1514	9
1515	7
1519	8
1522	7
1527	9
1529	10
1530	4
1532	6
1536	6
1545	8
1550	10
1552	6
1557	6
1566	8
1567	8
1581	8
1582	6
1586	8
1589	6
1590	1
1596	6
1605	8
1609	8
1618	8
1620	9
1621	8
1624	8
1632	4
1633	6
1637	4
1638	8
1640	8
1643	6
1645	6
1650	4
1655	8
1663	6
1667	7
1668	7
1689	10
1690	8
1701	8
1705	6
1708	10
1709	6
1712	8
1713	6
1717	8
1724	10
1726	8
1732	8
1741	7
1749	6
1750	8
1751	7
1755	6
1756	8
1770	9
1771	7
1774	6
1786	9
1792	4
1793	4
1798	8
1805	6
1811	9
1814	8
1816	4
1818	8
1825	8
1836	8
1837	8
1838	8
1845	6
1846	10
1848	7
1854	9
1858	7
1860	9
1861	5
1862	9
1870	7
1871	6
1874	4
1875	6
1880	10
1881	6
1885	6
1886	6
1887	10
1888	8
1891	8
1899	8
1904	6
1906	8
1909	6
1914	8
1915	6
1918	8
1930	8
1936	7
1937	8
1945	9
1952	8
1953	10
1954	8
1955	8
1960	6
1962	8
1963	8
1965	7
1966	8
1976	8
1977	6
1981	8
1988	8
1991	8
1992	8
1993	10
1995	6
1999	5
2005	8
2012	9
2017	8
2018	6
2023	8
2026	8
2027	8
2029	8
2034	7
2041	10
2045	9
2050	6
2053	6
2056	10
2057	8
2059	7
2063	6
2064	9
2067	10
2070	6
2072	8
2081	10
2090	6
2091	6
2099	8
2102	9
2107	10
2114	8
2116	5
2121	10
2122	3
2127	8
2130	8
2134	6
2135	7
2150	8
2154	8
2162	3
2167	8
2170	6
2177	6
2180	8
2192	6
2196	8
2198	10
2204	8
2213	8
2214	8
2215	3
2218	7
2227	10
2232	8
2233	6
2237	8
2265	4
2267	8
2268	8
2269	6
2275	6
2276	8
2282	7
2286	8
2291	6
2293	6
2298	8
2300	6
2304	10
2306	8
2313	10
2320	9
2324	4
2325	8
2326	8
2330	8
2336	7
2339	8
2343	6
2349	6
2350	10
2351	8
2354	8
2356	6
2360	7
2364	6
2368	1
2369	8
2377	4
2385	8
2394	8
2398	8
2401	6
2402	8
2404	8
2407	8
2414	10
2417	8
2418	6
2424	10
2428	7
2429	8
2431	8
2433	7
2434	7
2435	7
2437	6
2448	7
2452	10
2455	6
2463	8
2467	6
2468	8
2470	2
2471	8
2477	9
2484	8
2487	8
2492	8
2500	7
2505	8
2507	5
2509	7
2513	7
2517	8
2521	8
2522	6
2523	9
2527	7
2534	8
2536	7
2540	6
2542	6
2548	6
2551	10
2556	7
2558	7
2566	8
2567	8
2568	9
2571	6
2573	4
2574	8
2576	6
2583	4
2590	10
2596	8
2597	6
2602	4
2603	10
2608	8
2612	8
2619	7
2623	6
2624	10
2632	6
2633	4
2634	9
2641	8
2649	4
2652	8
2653	6
2657	8
2661	8
2662	6
2669	8
2672	7
2673	10
2675	10
2684	8
2686	6
2689	6
2692	7
2696	10
2698	6
2703	4
2706	7
2708	8
2709	6
2714	8
2716	8
2720	8
2721	6
2722	8
2723	7
2727	10
2728	10
2734	8
2736	7
2741	8
2745	8
2746	8
2752	6
2753	9
2756	5
2764	8
2765	8
2770	6
2771	7
2776	4
2780	8
2783	6
2784	7
2796	4
2799	4
2802	6
2808	8
2810	6
2812	7
2813	8
2820	6
2821	4
2823	8
2827	8
2828	6
2840	7
2852	7
2853	6
2857	8
2858	8
2862	10
2863	4
2867	7
2871	8
2872	8
2878	8
2879	3
2887	8
2889	10
2890	8
2891	7
2892	8
2895	7
2896	10
2911	10
2915	9
2920	7
2925	8
2930	6
2933	6
2936	8
2939	10
2942	6
2943	8
2949	4
2950	10
2952	9
2955	8
2957	9
2963	8
2964	7
2969	8
2983	10
2989	6
3001	8
3002	8
3004	8
3014	6
3015	10
3016	9
3019	8
3020	10
3022	8
3027	9
3030	8
3031	8
3033	10
3034	9
3039	10
3041	8
3044	6
3049	10
3050	6
3057	4
3061	8
3063	6
3067	6
3073	8
3084	4
3086	7
3089	6
3091	8
3097	10
3099	8
3101	6
3102	6
3103	8
3104	5
3105	10
3110	7
3117	8
3119	8
3126	7
3137	8
3143	10
3144	8
3145	6
3149	6
3152	6
3154	8
3157	4
3163	8
3170	8
3171	8
3174	8
3181	10
3182	7
3183	8
3185	6
3189	10
3190	9
3197	8
3199	6
3200	6
3204	7
3215	8
3219	8
3220	8
3221	8
3222	7
3227	8
3244	7
3250	8
3254	6
3255	2
3257	10
3263	10
3264	10
3265	6
3267	6
3277	6
3285	8
3295	8
3296	2
3298	6
3299	8
3301	2
3304	6
3309	8
3311	2
3313	8
3317	4
3325	6
3330	7
3335	6
3336	6
3337	9
3346	6
3347	10
3350	8
3359	5
3366	6
3369	8
3372	4
3380	6
3384	7
3390	10
3392	5
3393	10
3396	7
3411	8
3414	8
3415	6
3420	6
3426	8
3427	8
3428	6
3429	8
3434	6
3437	6
3439	6
3440	6
3448	8
3449	2
3461	8
3462	6
3463	6
3468	10
3475	8
3477	7
3482	4
3483	6
3484	7
3485	6
3488	6
3492	8
3493	2
3494	8
3496	8
3502	8
3507	6
3508	8
3512	9
3517	9
3522	8
3523	10
3524	4
3525	7
3541	3
3549	4
3553	10
3556	8
3559	8
3562	10
3568	8
3570	8
3575	8
3579	8
3580	9
3582	10
3592	6
3593	8
3594	4
3595	8
3599	8
3609	6
3611	7
3620	6
3624	4
3626	4
3634	8
3638	4
3641	10
3644	10
3646	7
3650	8
3651	8
3653	8
3654	8
3658	6
3664	8
3671	8
3676	6
3680	8
3681	8
3686	8
3687	8
3691	6
3698	8
3702	10
3705	8
3707	5
3712	8
3721	6
3722	2
3727	10
3729	9
3733	10
3734	8
3736	8
3740	8
3741	6
3754	8
3755	8
3761	5
3771	2
3781	6
3783	6
3784	5
3791	6
3793	2
3795	8
3796	4
3799	10
3803	8
3805	6
3810	3
3813	3
3817	7
3824	8
3828	10
3830	9
3834	10
3840	8
3845	8
3847	6
3849	7
3855	6
3886	8
3901	10
3907	8
3908	6
3913	8
3920	8
3921	5
3930	8
3934	7
3937	8
3941	6
3942	4
3961	5
