8	6
10	6
18	8
34	8
36	8
52	8
73	6
85	4
88	9
96	4
106	10
122	6
125	8
126	9
139	6
143	10
178	10
182	10
190	4
196	8
201	6
212	6
214	6
218	8
235	8
253	8
262	8
279	6
289	8
300	8
302	8
310	10
314	8
318	6
325	9
333	6
358	9
372	9
373	6
394	10
400	6
407	7
412	8
417	7
426	6
427	8
437	2
440	8
444	10
463	8
467	7
479	6
482	7
493	8
496	6
497	6
500	6
508	7
524	7
533	8
543	6
558	8
571	6
576	6
577	8
582	10
585	6
595	8
596	8
618	6
621	6
642	8
650	8
657	6
658	8
662	6
671	6
672	10
705	8
714	7
731	10
741	6
742	8
745	8
764	6
767	9
774	9
779	6
780	10
798	4
803	6
815	10
821	9
825	8
830	8
834	8
839	7
840	4
863	8
874	7
885	8
886	6
887	10
913	9
964	9
972	8
977	6
980	4
984	8
1014	4
1020	10
1026	10
1053	8
1067	4
1072	8
1074	8
1084	6
1085	8
1088	6
1129	8
1157	8
1167	10
1177	10
1185	10
1191	8
1198	8
1220	8
1224	7
1245	8
1270	9
1271	7
1281	10
1287	6
1288	9
1292	8
1294	8
1299	8
1301	6
1302	8
1305	6
1318	8
1320	8
1326	9
1327	6
1336	8
1352	10
1355	7
1367	8
1383	8
1398	5
1404	4
1406	8
1408	10
1423	8
1434	8
1435	10
1441	10
1445	10
1454	8
1476	8
1478	6
1482	4
1485	8
1499	7
1508	6
1518	10
1530	10
1531	8
1532	7
1536	6
1541	7
1546	4
1552	6
1555	10
1557	10
1567	10
1571	10
1578	10
1582	4
1590	7
1604	6
1605	10
1617	8
1621	10
1624	6
1634	8
1637	6
1646	8
1672	8
1673	8
1701	6
1724	8
1747	6
1751	7
1769	10
1771	7
1777	8
1780	6
1850	10
1860	7
1870	8
1874	6
1880	8
1883	8
1886	6
1891	6
1898	8
1900	9
1904	6
1906	4
1910	2
1913	8
1915	8
1918	6
1930	8
1940	8
1945	8
1963	4
1965	8
1966	9
1969	6
1981	7
1988	8
1992	10
1995	10
2004	8
2012	8
2013	9
2021	4
2034	9
2038	6
2039	7
2044	6
2050	6
2053	8
2096	8
2108	9
2115	8
2128	10
2134	8
2152	6
2154	7
2165	10
2166	10
2180	8
2192	8
2198	6
2200	7
2204	7
2215	9
2233	6
2258	7
2275	8
2276	6
2287	7
2291	7
2293	10
2299	10
2322	10
2325	9
2335	8
2339	10
2350	8
2356	7
2361	6
2377	8
2385	8
2397	8
2398	9
2414	9
2424	8
2425	6
2433	5
2434	8
2470	1
2484	10
2500	7
2502	8
2503	4
2505	9
2526	6
2534	8
2548	6
2553	8
2566	6
2574	9
2583	6
2584	8
2592	8
2596	6
2602	4
2641	8
2650	6
2652	8
2675	10
2685	8
2686	9
2703	2
2707	6
2714	10
2720	8
2723	8
2745	6
2747	8
2756	4
2765	10
2770	6
2780	10
2782	8
2783	7
2809	8
2810	6
2813	7
2821	8
2823	10
2827	10
2828	4
2829	8
2852	8
2853	9
2859	6
2871	8
2883	6
2891	9
2892	8
2900	7
2930	8
2939	8
2950	9
2951	8
2955	8
2963	8
3001	8
3010	5
3014	6
3022	8
3025	10
3030	6
3032	6
3041	6
3044	8
3053	8
3061	8
3067	8
3070	8
3089	6
3107	7
3134	10
3139	10
3149	4
3152	8
3154	10
3161	8
3163	8
3164	8
3168	8
3171	6
3174	7
3189	6
3199	6
3204	4
3220	8
3228	10
3244	8
3254	6
3264	10
3265	7
3270	8
3277	7
3285	8
3295	8
3298	6
3301	8
3313	8
3325	6
3337	10
3340	8
3346	8
3350	7
3366	8
3368	6
3415	6
3420	8
3434	7
3448	6
3463	2
3466	8
3475	10
3476	8
3482	6
3492	8
3504	8
3525	7
3535	6
3544	8
3549	9
3556	10
3562	8
3592	4
3599	9
3610	9
3619	8
3634	8
3642	8
3646	9
3664	6
3681	8
3687	6
3688	8
3697	10
3717	7
3721	8
3722	6
3745	8
3749	6
3761	8
3765	10
3771	9
3783	9
3784	8
3810	4
3817	7
3834	6
3840	6
3849	6
3853	8
3865	8
3874	8
3906	4
3916	10
3920	6
3941	8
3942	8
3976	7
3981	6
3991	4
4006	6
4007	8
4020	8
4021	8
4026	7
4040	8
4051	4
4076	8
4078	6
4090	9
4095	8
4115	9
4129	8
4136	9
4153	7
4156	9
4180	6
4182	8
4183	10
4194	10
4197	8
4203	10
4207	8
4213	6
4223	8
4229	8
4237	8
4251	8
4272	7
4285	8
4289	6
4302	8
4306	10
4317	6
4326	8
4328	10
4330	6
4333	9
4342	8
4350	10
4358	8
4361	10
4364	7
4365	9
4368	8
4369	10
4373	10
4381	9
4385	8
4396	6
4401	8
4405	8
4418	8
4437	7
4449	8
4455	10
4461	8
4463	6
4474	8
4481	10
4482	7
4488	8
4499	8
4513	8
4517	10
4523	8
4526	8
4544	8
4549	7
4554	6
4557	8
4564	10
4565	8
4586	6
4597	10
4600	8
4602	6
4605	3
4611	6
4612	7
4629	6
4635	8
4648	8
4651	10
4657	8
4665	10
4680	10
4691	10
4712	8
4728	9
4734	6
4747	10
4748	8
4783	2
4798	8
4807	6
4814	8
4822	4
4826	8
4827	6
4832	10
4845	8
4850	10
4863	6
4867	8
4881	10
4882	6
4885	7
4886	9
4888	8
4893	6
4907	8
4932	8
4939	9
4945	10
4951	8
4954	5
4969	10
4978	7
4979	9
4982	8
4993	6
5000	10
5012	8
5016	8
5017	8
5027	8
5030	10
5039	6
5044	6
5045	8
5052	8
5062	7
5078	8
5079	8
5085	7
5099	8
5100	7
5103	8
5108	8
5110	9
5112	8
5113	10
5118	8
5123	10
5132	8
5134	8
5142	8
5159	8
5168	6
5174	5
5182	8
5191	8
5192	10
5203	10
5217	8
5226	7
5227	8
5231	8
5232	7
5238	10
5244	8
5247	8
5260	10
5262	6
5265	6
5266	5
5275	8
5276	8
5277	2
5285	9
5296	10
5312	8
5328	4
5344	10
5353	7
5363	6
5382	8
5384	10
5390	8
5395	6
5396	6
5425	8
5436	10
5459	8
5461	6
5465	6
5467	4
5473	6
5483	8
5488	8
5495	6
5505	8
5507	6
5508	5
5510	5
5523	6
5524	6
5525	6
5539	6
5543	8
5546	9
5557	10
5578	6
5579	8
5583	6
5601	8
5605	10
5641	10
5654	10
5657	10
5672	8
5678	10
5711	10
5714	8
5719	9
5720	4
5736	6
5744	8
5745	10
5747	7
5772	8
5778	6
5779	6
5798	8
5800	8
5807	7
5810	6
5813	4
5823	8
5824	8
5834	10
5835	8
5840	8
5848	8
5865	6
5867	8
5888	6
5890	8
5892	8
5902	10
5906	8
5913	8
5917	9
5925	7
5929	4
5932	4
5933	8
5955	10
5958	10
5972	7
5992	8
6014	6
6018	6
6030	7
6045	10
6050	10
6051	8
6066	6
6070	8
6103	8
6115	6
6119	7
6134	6
6144	6
6145	8
6150	8
6158	8
6159	3
6161	8
6172	8
6203	7
6207	8
6209	8
6220	9
6224	10
6227	9
6239	8
6250	8
6260	8
6264	9
6272	8
6276	8
6277	8
6280	8
6289	7
6298	10
6309	10
6314	8
6316	8
6340	9
6363	9
6376	8
6382	8
6385	9
6403	6
6418	6
6424	10
6426	6
6431	9
6439	6
6442	6
6443	7
6446	8
6447	10
6448	10
6458	10
6461	6
6477	8
6494	8
6497	4
6501	8
6507	8
6508	7
6512	8
6514	8
6517	9
6543	8
6549	4
6550	7
6558	7
6564	7
6569	8
6577	6
6580	6
6582	10
6584	8
6589	8
6592	7
6600	7
6603	6
6610	8
6623	10
6624	6
6628	10
6629	8
6633	10
6639	8
6640	9
6646	10
6671	10
6678	8
6684	6
6691	6
6707	10
6715	10
6716	8
6735	10
6743	8
6757	6
6758	7
6761	10
6772	6
6773	8
6781	6
6785	7
6801	6
6804	8
6814	10
6836	6
6845	8
6851	10
6853	7
6856	8
6867	9
6880	7
6889	9
6890	8
6893	5
6895	9
6908	8
6909	6
6925	1
6932	9
6970	6
6971	10
6982	6
6986	7
6992	9
6994	8
6999	7
7001	8
7003	8
7012	6
7018	8
7040	8
7048	8
7054	6
7061	8
7062	9
7065	3
7066	8
7068	9
7077	8
7078	4
7084	8
7127	8
7131	6
7140	10
7145	9
7146	7
7147	7
7161	10
7166	6
7171	6
7181	4
7185	10
7186	6
7195	8
7196	6
7204	8
7207	8
7214	6
7216	6
7240	10
7242	4
7252	6
7260	8
7266	8
7270	7
7282	6
7302	8
7303	6
7304	4
7313	6
7314	8
7315	6
7324	7
7328	6
7329	6
7354	9
7355	6
7356	9
7380	8
7384	8
7385	8
7407	8
7410	3
7431	7
7455	6
7461	6
7465	10
7471	10
7472	7
7478	8
7489	6
7494	8
7498	6
7503	10
7532	8
7534	6
7539	6
7568	2
7570	8
7577	8
7582	8
7596	4
7612	7
7613	4
7615	6
7633	8
7640	8
7643	8
7654	8
7655	8
7675	8
7678	10
7681	6
7707	6
7711	6
7712	8
7727	9
7729	10
7732	8
7733	9
7740	6
7743	9
7757	8
7762	6
7774	8
7778	7
7789	1
7795	10
7809	8
7819	8
7838	6
7847	6
7863	8
7867	8
7876	7
7890	8
7902	6
7903	6
7908	6
7915	4
7916	8
7924	6
7936	10
7937	8
7949	8
7966	8
7970	6
7978	7
7979	10
7981	8
8001	8
8032	6
8041	6
8048	4
8060	8
8063	7
8078	8
8081	6
8100	10
8101	8
8108	7
8109	7
8111	7
8117	6
8127	7
8162	4
8173	7
8188	8
8207	9
8208	9
8213	6
8221	6
8231	6
8232	6
8238	7
8240	7
8242	8
8248	9
8260	10
8264	10
8265	1
8266	7
8272	10
8273	8
8275	7
8297	6
8310	9
8319	5
8323	4
8328	7
8334	6
8338	8
8348	6
8352	2
8357	9
8372	8
8384	6
8391	9
8395	8
8401	7
8418	10
8426	8
8436	6
8474	10
8476	7
8508	8
8510	6
8516	10
8518	9
