4	6
5	6
8	7
12	6
13	8
18	8
19	6
22	6
30	6
34	6
47	10
50	10
62	6
67	10
71	6
77	6
82	4
89	6
94	8
95	6
100	5
101	8
111	8
116	6
118	2
125	5
126	5
128	8
131	6
135	6
139	10
141	6
144	8
154	8
158	6
161	7
162	10
163	6
173	6
175	6
176	6
182	8
192	7
193	4
199	8
226	8
228	6
230	6
232	6
247	8
250	6
251	6
259	10
260	6
263	8
267	5
272	5
276	5
279	8
289	6
292	7
293	10
294	6
302	8
310	8
315	4
318	8
326	8
332	8
340	6
343	4
349	6
351	4
355	8
364	10
369	6
381	6
382	6
383	6
391	6
392	6
404	6
406	6
407	10
418	6
420	6
426	7
432	8
434	4
436	6
444	10
446	6
452	8
454	8
456	8
459	5
460	8
478	4
483	8
493	6
494	6
496	8
503	8
505	8
506	8
517	8
522	6
525	6
530	10
533	10
534	6
540	8
543	8
545	8
549	6
553	8
558	2
560	7
561	10
562	10
567	6
581	8
589	8
590	8
593	10
601	8
604	6
605	8
609	8
617	6
622	10
623	6
624	10
629	8
643	6
645	6
646	4
650	4
654	8
655	8
657	6
658	8
669	6
675	8
677	6
678	6
693	8
707	10
715	6
716	6
718	8
719	6
734	6
735	6
743	10
746	8
751	6
752	8
767	8
769	6
780	6
784	10
789	6
795	10
798	6
802	10
820	8
822	6
824	8
828	4
838	6
846	4
852	8
870	6
871	6
875	6
881	8
886	6
887	8
889	6
891	8
895	6
896	8
897	4
907	8
915	8
922	9
925	6
928	5
936	8
942	6
946	8
956	8
957	10
965	6
970	6
972	8
976	8
986	10
987	6
988	6
998	8
1004	5
1008	7
1013	7
1017	7
1018	7
1023	9
1026	9
1029	6
1030	8
1031	6
1050	6
1057	6
1058	10
1059	10
1061	6
1070	6
1074	6
1078	6
1079	4
1082	8
1083	8
1086	8
1103	6
1113	10
1114	8
1119	8
1139	8
1143	8
1147	10
1148	8
1155	6
1156	6
1160	8
1163	9
1171	6
1174	8
1177	6
1179	6
1180	8
1183	6
1186	7
1193	4
1198	7
1199	10
1204	6
1209	8
1211	8
1215	6
1220	9
1224	4
1226	8
1227	6
1228	6
1232	4
1236	8
1238	6
1242	8
1243	8
1250	8
1253	6
1265	6
1275	8
1280	8
1288	8
1302	10
1304	8
1305	10
1307	6
1309	6
1330	4
1331	8
1335	6
1337	8
1339	4
1343	6
1349	8
1355	8
1357	8
1363	6
1377	6
1380	6
1391	9
1395	9
1406	8
1407	6
1408	5
1409	6
1413	8
1414	10
1419	1
1420	6
1425	8
1428	10
1433	8
1440	7
1452	8
1453	6
1462	10
1467	8
1468	8
1471	8
1479	8
1485	8
1499	5
1505	10
1510	7
1515	8
1517	6
1527	9
1532	6
1533	6
1536	6
1537	8
1538	4
1542	8
1543	6
1545	8
1549	6
1557	8
1567	6
1570	10
1578	6
1583	10
1584	8
1587	9
1590	8
1591	10
1598	6
1601	6
1607	8
1614	6
1624	6
1628	8
1630	8
1632	8
1635	6
1639	9
1647	8
1648	10
1655	2
1664	8
1667	2
1669	7
1671	6
1684	6
1687	8
1692	8
1694	8
1700	10
1709	8
1711	8
1715	8
1721	6
1724	8
1730	6
1739	8
1742	6
1756	7
1758	6
1759	6
1764	6
1766	10
1771	8
1777	5
1787	6
1793	6
1795	6
1799	6
1805	7
1807	6
1812	8
1819	6
1820	6
1829	4
1832	6
1841	7
1844	6
1848	6
1860	6
1861	4
1865	8
1870	9
1873	6
1878	2
1880	8
1881	5
1882	4
1885	8
1890	8
1891	8
1895	8
1897	8
1904	8
1905	6
1906	4
1911	6
1915	7
1918	5
1919	6
1921	4
1926	8
1927	6
1928	6
1937	10
1938	8
1942	10
1953	10
1957	6
1965	8
1968	4
1977	10
1978	10
1981	8
1982	6
1988	6
1989	6
1996	8
1999	9
2001	8
2002	8
2007	6
2009	6
2020	10
2025	10
2031	8
2036	6
2045	5
2046	6
2047	6
2049	8
2050	4
2052	7
2053	7
2056	8
2061	10
2062	8
2065	6
2066	2
2072	8
2077	8
2079	10
2089	6
2090	8
2093	8
2104	6
2123	6
2132	8
2134	6
2142	6
2143	6
2148	8
2155	10
2159	6
2167	6
2169	6
2172	6
2173	6
2187	10
2201	8
2204	8
2207	6
2216	6
2218	5
2222	8
2226	4
2227	10
2233	2
2237	8
2238	7
2241	6
2246	8
2247	6
2251	7
2257	6
2259	8
2266	6
2272	6
2273	8
2278	6
2282	6
2285	8
2292	2
2296	8
2300	10
2304	6
2311	6
2312	10
2317	6
2321	6
2331	9
2336	8
2347	6
2370	8
2375	6
2378	4
2379	10
2385	8
2387	6
2389	6
2393	6
2402	4
2424	8
2425	4
2428	7
2434	8
2435	6
2442	4
2445	8
2446	6
2448	7
2457	8
2460	10
2466	10
2471	9
2473	6
2480	9
2484	2
2497	6
2498	6
2500	8
2507	5
2511	8
2517	8
2518	8
2525	8
2528	7
2529	6
2536	7
2541	4
2542	7
2543	6
2547	6
2549	8
2551	2
2565	6
2573	6
2574	8
2575	6
2591	10
2596	8
2598	8
2604	7
2613	6
2615	6
2619	8
2628	6
2641	8
2642	8
2646	10
2655	6
2656	6
2657	9
2659	2
2660	8
2662	6
2663	8
2665	8
2667	8
2675	8
2682	8
2686	8
2692	9
2707	6
2712	6
2714	6
2725	6
2730	3
2731	6
2738	6
2742	8
2749	6
2754	6
2765	8
2771	6
2783	9
2787	10
2794	6
2795	8
2802	7
2804	6
2807	10
2812	6
2814	4
2817	6
2820	8
2821	8
2825	8
2826	8
2830	8
2831	8
2833	10
2836	10
2843	2
2844	8
2845	6
2849	6
2850	6
2852	8
2856	6
2860	10
2863	5
2869	10
2881	6
2886	6
2891	7
2895	10
2896	9
2900	9
2902	8
2911	8
2916	8
2921	6
2923	6
2931	6
2937	6
2941	10
2942	4
2950	10
2952	9
2958	8
2961	8
2964	7
2965	6
2969	8
2971	4
2976	6
2986	8
2993	8
2994	8
2998	8
3007	10
3008	8
3022	8
3024	8
3029	6
3034	6
3040	6
3041	8
3052	8
3057	10
3061	8
3063	8
3067	8
3069	8
3070	6
3073	9
3075	10
3076	10
3079	6
3082	8
3083	6
3103	7
3104	6
3114	10
3119	5
3127	8
3131	8
3133	6
3139	5
3140	8
3149	5
3150	6
3156	8
3162	6
3163	8
3164	7
3166	6
3170	4
3173	2
3174	5
3178	4
3184	6
3189	2
3199	6
3207	6
3210	6
3219	4
3222	7
3232	10
3233	4
3241	6
3245	8
3249	6
3254	10
3260	6
3261	6
3268	2
3284	6
3285	8
3286	8
3292	8
3297	6
3300	10
3301	4
3304	6
3313	9
3314	6
3325	7
3336	8
3343	7
3346	2
3350	7
3354	6
3365	6
3371	6
3384	3
3389	8
3398	6
3399	8
3406	6
3410	8
3422	6
3424	8
3426	8
3428	6
3432	6
3434	8
3440	7
3442	6
3444	6
3448	7
3452	8
3463	9
3468	10
3473	6
3476	8
3477	8
3481	8
3483	6
3484	7
3486	10
3492	6
3504	6
3505	6
3506	8
3512	4
3515	8
3526	7
3536	8
3537	6
3541	8
3550	6
3565	8
3566	6
3575	9
3576	4
3577	8
3585	6
3590	6
3591	4
3595	8
3599	8
3602	10
3605	10
3612	6
3614	8
3615	6
3619	8
3631	8
3633	10
3634	4
3636	2
3640	6
3648	4
3655	6
3668	6
3669	4
3674	6
3675	6
3679	4
3691	6
3701	10
3708	6
3710	10
3712	8
3719	10
3721	6
3722	4
3727	6
3744	2
3752	8
3754	6
3756	4
3761	4
3763	6
3766	8
3772	6
3781	8
3782	6
3784	5
3787	10
3791	8
3794	10
3795	4
3796	6
3803	6
3810	5
3817	7
3823	4
3832	4
3838	6
3840	8
3854	8
3857	8
3864	8
3870	6
3875	6
3879	6
3882	8
3885	8
3890	6
3894	6
3897	6
3919	8
3923	10
3924	8
3926	8
3935	6
3938	6
3939	6
3945	10
3949	6
3950	8
3957	6
3959	6
3966	10
3974	10
3977	8
3978	6
3980	8
3984	6
3991	6
3993	6
4008	8
4014	10
4018	6
4020	10
4021	7
4031	10
4035	6
4037	8
4038	6
4048	7
4050	6
4051	6
4053	1
4054	8
4057	6
4060	6
4061	6
4063	8
4064	8
4065	8
4073	6
4077	7
4078	6
4079	6
4088	4
4089	8
4105	10
4106	8
4110	8
4114	9
4116	8
4123	8
4130	8
4131	6
4135	8
4136	6
4138	6
4144	10
4148	4
4151	2
4153	7
4155	6
4158	6
4160	6
4161	4
4166	10
4168	4
4172	8
4177	9
4178	10
4179	8
4182	4
4185	8
4198	7
4205	6
4206	6
4218	5
4219	6
4220	8
4223	10
4225	10
4227	8
4228	10
4229	8
4234	10
4235	10
4237	6
4239	10
4243	8
4246	6
4255	8
4261	6
4270	6
4276	6
4277	6
4281	6
4287	8
4295	6
4302	7
4312	6
4313	4
4317	9
4331	6
4332	8
4335	8
4341	8
4342	2
4343	6
4345	8
4347	9
4350	10
4354	10
4357	6
4361	10
4363	10
4364	8
4367	8
4368	8
4375	4
4382	8
4383	8
4384	8
4385	7
4388	8
4389	6
4391	6
4393	6
4403	8
4443	4
4451	6
4457	4
4459	7
4460	6
4463	8
4464	6
4467	6
4469	4
4472	6
4474	4
4476	2
4480	8
4487	6
4489	2
4491	10
4494	8
4495	6
4497	6
4503	8
4505	8
4513	4
4514	8
4518	8
4520	9
4522	8
4528	6
4530	10
4536	10
4538	8
4541	10
4549	6
4554	6
4565	4
4566	8
4567	8
4570	8
4576	10
4596	6
4598	4
4612	6
4617	4
4624	6
4628	6
4629	8
4635	6
4638	4
4643	10
4644	6
4645	10
4657	8
4658	10
4665	8
4669	6
4685	6
4694	6
4697	8
