18	7
34	6
50	6
65	6
67	8
77	6
101	6
116	8
126	4
139	6
143	6
158	6
173	8
182	6
188	6
193	6
208	8
214	6
215	8
226	6
228	10
236	6
247	10
259	5
276	2
281	6
305	6
326	8
349	8
350	6
355	6
357	8
358	6
381	8
391	8
406	8
409	8
418	6
436	6
456	6
495	6
501	8
504	6
513	6
517	8
530	8
541	6
543	7
548	8
553	4
556	8
558	6
562	6
567	6
569	4
585	4
601	8
604	6
617	6
623	6
629	6
634	10
645	6
655	6
656	6
661	8
672	4
676	8
719	8
720	6
729	10
731	6
743	6
755	6
757	6
758	10
761	6
769	6
775	8
785	8
789	6
792	6
802	6
806	6
830	6
831	4
843	6
861	6
870	6
881	6
889	6
892	6
899	8
930	8
957	8
971	8
1005	8
1038	10
1050	6
1057	6
1059	8
1066	10
1070	6
1074	4
1082	8
1103	6
1113	8
1123	4
1139	4
1147	6
1148	8
1156	6
1204	6
1224	6
1228	8
1232	10
1237	4
1264	10
1265	6
1279	2
1280	4
1288	2
1334	4
1335	8
1340	6
1344	6
1347	6
1407	6
1409	6
1419	3
1433	10
1437	6
1452	6
1463	8
1467	4
1468	8
1517	6
1534	8
1536	6
1543	6
1570	8
1576	10
1601	6
1625	4
1628	6
1630	4
1648	6
1652	2
1677	10
1689	10
1699	6
1709	8
1759	8
1796	10
1799	6
1817	6
1818	8
1819	6
1825	6
1860	7
1877	10
1880	8
1906	8
1916	6
1918	5
1921	6
1968	6
1986	6
1996	10
2012	6
2028	4
2035	6
2044	2
2047	6
2049	8
2062	6
2066	2
2067	4
2079	6
2123	8
2169	6
2176	6
2194	6
2221	6
2225	8
2226	4
2236	8
2246	8
2270	2
2285	4
2287	6
2300	8
2304	4
2317	6
2328	8
2378	6
2379	8
2411	6
2413	9
2441	6
2457	6
2460	8
2468	8
2482	6
2484	4
2488	10
2497	6
2498	10
2522	4
2528	6
2541	6
2543	6
2549	6
2581	4
2596	4
2610	6
2615	4
2616	6
2631	8
2635	2
2640	6
2641	8
2648	6
2660	8
2662	4
2663	6
2725	6
2750	6
2751	6
2764	8
2767	6
2768	8
2787	6
2814	6
2821	4
2823	4
2826	6
2833	6
2849	6
2853	6
2856	6
2858	6
2891	8
2904	6
2910	7
2916	6
2921	6
2946	6
2955	6
2958	2
2963	6
2993	8
3010	6
3013	10
3022	8
3034	3
3052	6
3060	4
3073	9
3089	6
3091	10
3108	6
3131	4
3142	8
3174	8
3178	6
3189	6
3206	6
3207	6
3210	6
3219	6
3257	8
3301	6
3308	2
3336	8
3376	6
3389	8
3399	6
3420	8
3427	8
3430	8
3444	6
3466	6
3468	8
3474	10
3481	6
3483	4
3484	6
3524	4
3525	6
3544	6
3556	6
3567	10
3569	6
3577	6
3578	8
3591	6
3605	8
3612	6
3636	10
3646	6
3669	8
3675	4
3694	6
3705	8
3708	6
3721	8
3727	2
3729	9
3736	10
3737	10
3756	8
3757	6
3782	6
3784	4
3794	6
3810	4
3822	6
3870	6
3879	6
3882	6
3891	6
3894	8
3899	6
3926	6
3938	6
3940	8
3958	10
3979	6
3984	6
4031	6
4035	2
4038	6
4060	6
4065	4
4069	8
4078	7
4079	6
4130	8
4138	8
4151	6
4158	4
4160	10
4179	8
4182	6
4206	10
4222	4
4227	4
4228	4
4243	7
4246	6
4254	7
4268	7
4276	8
4281	6
4295	6
4319	10
4332	8
4333	8
4363	10
4383	8
4396	6
4403	6
4435	6
4438	4
4443	8
4457	4
4460	6
4472	8
4477	8
4491	2
4492	6
4497	6
4513	5
4523	8
4528	6
4530	8
4554	8
4567	6
4665	8
4669	6
4672	6
4715	4
4746	4
4749	6
4763	6
4769	5
4780	6
4785	6
4794	3
4823	6
4824	4
4843	8
4867	7
4885	6
4909	8
4931	6
4935	4
4951	6
4984	10
4992	6
5029	6
5039	5
5041	8
5052	4
5067	6
5068	8
5078	8
5081	8
5085	6
5093	6
5101	10
5108	4
5111	6
5115	8
5125	6
5129	8
5134	6
5167	6
5169	8
5174	4
5181	8
5191	6
5192	8
5208	6
5213	8
5224	8
5242	6
5266	2
5272	6
5273	6
5275	8
5282	6
5290	6
5298	6
5328	4
5330	6
5335	6
5337	8
5340	6
5349	6
5374	6
5376	6
5381	8
5386	8
5393	6
5401	6
5417	6
5425	5
5431	4
5470	6
5479	6
5482	10
5483	4
5518	6
5524	6
5547	6
5548	8
5554	8
5558	8
5566	6
5583	5
5602	6
5603	8
5629	6
5638	8
5639	6
5676	8
5680	10
5694	8
5707	8
5711	1
5744	6
5758	6
5760	4
5768	6
5789	6
5793	2
5799	8
5808	8
5821	6
5825	8
5836	6
5871	6
5872	10
5923	10
5949	6
5973	6
5974	6
5984	6
6018	4
6027	6
6054	4
6066	4
6070	6
6122	8
6141	6
6147	8
6149	8
6155	10
6158	6
6159	1
6167	6
6184	6
6211	6
6254	6
6261	6
6273	6
6331	4
6349	4
6353	2
6380	6
6393	8
6408	8
6418	6
6422	6
6426	6
6440	6
6445	6
6462	8
6477	6
6492	6
6508	5
6518	6
6534	8
6556	10
6562	4
6582	8
6587	6
6609	6
6610	8
6644	3
6664	8
6669	4
6678	6
6717	8
6723	6
6739	5
6741	4
6748	10
6757	4
6763	7
6794	6
6800	4
6808	6
6815	8
6842	6
6849	6
6858	8
6870	6
6882	6
6885	8
6895	6
6896	6
6900	6
6903	4
6938	8
6984	6
7001	8
7020	8
7037	6
7041	6
7058	8
7070	6
7074	4
7131	6
7146	7
7158	6
7161	6
7196	6
7223	8
7253	4
7288	5
7290	6
7294	6
7302	10
7307	6
7310	6
7319	10
7334	6
7336	6
7371	6
7409	4
7437	6
7439	9
7468	6
7473	6
7496	10
7500	6
7534	7
7542	2
7547	8
7554	10
7559	10
7568	4
7578	6
7589	8
7591	7
7592	6
7600	8
7620	6
7652	8
7662	6
7681	4
7686	10
7690	8
7698	6
7706	8
7707	6
7709	6
7726	6
7727	7
7736	8
7738	10
7745	10
7774	6
7784	8
7788	10
7795	8
7812	6
7816	6
7828	10
7830	6
7831	6
7861	8
7865	6
7869	4
7895	8
7899	10
7909	8
7927	10
7937	7
7949	6
7954	8
7968	6
7980	8
8031	4
8042	6
8079	10
8105	2
8114	4
8119	8
8120	6
8124	6
8127	6
8132	6
8145	4
8152	6
8154	6
8156	8
8169	6
8179	6
8183	4
8188	4
8218	6
8224	6
8229	4
8232	6
8235	6
8290	6
8297	4
8303	8
8306	8
8330	6
8344	6
8352	4
8365	6
8366	6
8372	8
8407	8
8430	6
8439	10
8471	4
8474	6
8476	7
8493	8
8500	6
8504	7
8507	6
8508	6
8538	6
8588	6
8594	6
8611	10
8622	6
8628	10
8642	8
8643	8
8651	6
8663	6
8670	8
8674	6
8676	4
8689	10
8703	6
8734	8
8739	4
8760	10
8763	2
8769	6
8791	10
8801	8
8802	8
8806	6
8811	4
8817	5
8834	8
8835	4
8837	4
8844	6
8847	6
8849	6
8851	6
8852	6
8873	8
8890	6
8892	8
8896	6
8920	1
8931	6
8954	2
8966	8
8968	8
8983	10
8985	6
9003	6
9023	4
9035	6
9045	6
9050	8
9078	10
9080	8
9086	6
9102	6
9109	6
9117	6
9128	6
9152	6
9162	4
9163	6
9166	6
9176	4
9181	4
9196	1
9199	6
9212	6
9213	8
9216	6
9228	3
9268	6
9306	6
9331	6
9337	6
9355	6
9361	6
9374	6
9380	2
9388	7
9395	6
9398	6
9435	6
9455	10
9460	10
9469	7
9477	10
9478	8
9488	8
9507	4
9508	8
9531	6
9560	6
9567	5
9584	6
9595	5
9611	6
9635	8
9637	8
9642	6
9660	8
9693	6
9701	6
9707	6
9719	6
9743	4
9764	6
9780	6
9786	6
9795	6
9803	6
9809	10
9817	6
9867	8
9878	9
9886	6
9900	8
9904	8
9921	4
9922	6
9935	8
9939	6
9942	6
9944	7
9949	6
9952	6
9959	8
9979	6
9988	7
10009	8
10014	9
10021	10
10025	8
10026	6
10028	8
10047	6
10050	2
10056	6
10095	2
10122	2
10127	4
10137	8
10156	6
10162	6
10172	8
10189	8
10204	6
10222	6
10230	6
10238	6
10242	6
10245	4
10270	10
10313	4
10314	6
10318	7
10346	4
10383	6
10398	2
10409	6
10412	3
10416	8
10417	10
10418	4
10423	6
10427	2
10440	6
10445	6
10451	8
10453	6
10455	8
10465	6
10480	6
10484	8
10495	8
10496	6
10507	6
10516	7
10518	6
10540	4
10549	8
10557	6
10561	6
10575	6
10596	10
10612	6
10617	8
10658	6
10669	6
10670	6
10679	6
10710	6
10711	6
10730	8
10731	6
10743	4
10751	6
10756	8
10759	8
10789	6
10791	8
10799	8
10803	7
10847	6
10858	8
10889	6
10897	6
10908	6
10914	6
10927	6
10934	4
10940	7
10958	6
10960	6
10962	6
10963	3
10978	6
10980	4
10983	6
10991	6
11003	5
11019	8
11025	6
11034	8
11058	4
11072	6
11098	6
11106	6
11115	6
11141	6
11156	6
11157	4
11167	8
11177	6
11182	2
11190	6
11202	6
11215	6
11221	9
11222	6
11223	10
11231	8
11232	6
11246	6
11247	10
11277	6
11299	10
11319	5
11320	10
11328	2
11333	8
11338	8
11358	6
11364	8
11376	6
11380	6
11381	8
11400	6
11408	10
11426	6
11455	6
11459	6
11467	8
11473	4
11480	10
11483	10
11510	7
11514	6
11517	6
11519	6
11524	8
11526	8
11535	6
11545	6
11556	4
11570	5
11579	6
11590	8
11601	6
11618	6
11629	4
11665	6
11679	4
11681	4
11682	8
11684	10
11699	8
11708	4
11733	8
11740	6
11744	7
11774	6
11780	6
11789	8
11816	8
11844	8
11845	6
11859	8
11861	8
11862	6
11876	6
11898	7
11899	8
11915	6
11959	7
11988	5
11996	6
12029	8
12030	8
12035	6
12043	6
12047	6
12048	6
12055	7
12062	4
12075	6
12078	6
12116	6
12117	8
12126	9
12159	6
12179	8
