18	8
34	2
35	5
36	4
38	4
41	8
44	8
47	9
53	8
56	1
65	6
73	6
78	5
88	10
122	8
125	10
126	6
129	10
137	8
138	7
139	10
143	8
149	7
154	9
155	9
162	8
165	4
169	10
170	6
171	9
175	7
190	1
197	9
198	8
201	8
215	8
221	9
238	4
246	8
249	5
254	6
259	9
261	8
262	4
267	1
272	6
274	6
275	8
276	8
280	8
286	10
289	4
292	6
296	6
302	6
303	5
318	7
320	9
328	6
334	8
337	8
345	8
346	10
348	8
351	2
353	1
368	8
380	8
383	2
387	8
390	8
400	4
414	6
425	8
426	5
434	4
449	10
450	6
452	10
459	7
463	8
465	6
469	8
475	6
476	8
480	8
481	6
482	8
493	5
502	8
509	8
513	6
516	8
524	6
529	6
543	6
554	2
555	6
558	8
565	8
572	4
579	8
585	8
590	6
591	8
596	2
600	8
606	8
621	6
624	10
627	8
633	4
635	10
636	7
649	8
650	8
657	6
660	6
663	8
668	4
672	6
688	2
691	8
696	4
704	6
714	6
723	7
725	6
741	8
742	8
745	6
761	8
764	6
765	10
773	10
780	8
784	7
788	8
793	6
808	10
814	6
820	7
825	10
826	8
831	10
859	8
867	8
874	6
886	6
887	10
890	8
891	2
902	7
905	6
911	8
922	8
927	8
953	10
954	6
957	6
961	6
962	10
964	8
966	7
967	2
971	4
983	4
984	8
988	6
998	2
1003	8
1016	4
1018	5
1025	8
1026	4
1035	9
1045	10
1047	7
1052	6
1060	6
1063	10
1077	3
1089	2
1111	6
1131	3
1139	4
1151	10
1154	7
1158	6
1159	10
1160	8
1169	8
1173	10
1174	8
1177	8
1178	6
1185	8
1186	7
1187	6
1198	6
1201	10
1203	2
1218	4
1219	10
1222	10
1223	6
1224	4
1252	7
1256	7
1265	8
1270	8
1288	7
1293	10
1294	3
1296	8
1297	10
1302	8
1304	10
1305	10
1311	10
1314	1
1320	8
1321	6
1323	2
1327	6
1331	8
1333	8
1334	2
1337	7
1355	8
1360	8
1361	10
1367	7
1377	4
1378	8
1388	10
1391	6
1392	7
1395	6
1397	5
1402	6
1404	2
1406	10
1407	8
1413	8
1419	6
1423	2
1431	10
1434	8
1435	8
1439	6
1440	7
1445	6
1449	2
1460	5
1467	7
1478	5
1479	6
1484	10
1485	4
1488	8
1489	10
1490	8
1510	7
1519	8
1520	10
1522	7
1527	7
1531	8
1532	7
1537	7
1545	8
1557	8
1562	10
1567	8
1590	7
1618	8
1629	8
1630	8
1640	8
1649	10
1663	7
1667	7
1668	9
1674	6
1689	8
1696	10
1732	10
1751	8
1755	6
1762	8
1763	8
1771	7
1772	10
1775	8
1781	6
1786	6
1787	7
1791	4
1792	1
1793	2
1800	8
1804	8
1805	2
1816	10
1817	6
1823	2
1828	7
1832	10
1850	8
1854	1
1858	9
1860	2
1861	7
1871	6
1880	8
1885	5
1888	8
1891	8
1900	4
1906	8
1908	6
1926	6
1944	5
1960	8
1965	7
1966	9
1971	8
1977	8
1981	4
1987	8
1988	6
1992	2
1999	8
2012	7
2018	6
2023	6
2027	10
2028	8
2042	8
2044	6
2045	8
2050	6
2053	6
2063	8
2067	2
2069	10
2070	6
2073	3
2082	8
2091	7
2103	2
2108	7
2115	10
2116	5
2117	10
2118	10
2122	5
2127	6
2128	10
2134	6
2135	9
2154	9
2160	10
2162	3
2167	8
2168	5
2171	8
2178	10
2179	10
2185	8
2204	8
2218	7
2222	8
2227	10
2233	6
2237	10
2243	4
2250	10
2254	10
2262	10
2265	7
2269	10
2276	8
2291	7
2298	10
2315	6
2318	8
2324	6
2325	7
2330	10
2336	7
2345	7
2350	8
2356	7
2359	8
2366	10
2368	4
2380	2
2385	7
2386	1
2394	4
2398	9
2400	10
2402	6
2406	10
2418	6
2424	10
2425	6
2428	8
2429	9
2433	6
2434	6
2438	8
2439	10
2448	7
2455	5
2461	10
2463	7
2466	10
2467	6
2468	10
2470	8
2471	6
2486	10
2492	9
2495	10
2500	4
2504	8
2505	7
2513	7
2515	6
2517	4
2520	8
2521	8
2523	8
2527	7
2536	6
2539	8
2542	6
2548	8
2555	8
2568	4
2574	6
2583	4
2588	6
2590	10
2592	8
2593	6
2596	6
2601	10
2602	8
2610	8
2619	7
2622	10
2624	10
2625	7
2634	8
2653	10
2662	6
2664	2
2676	7
2678	8
2680	3
2681	8
2686	9
2692	5
2696	10
2698	3
2705	10
2706	8
2711	6
2714	8
2716	4
2720	10
2729	6
2731	8
2735	9
2736	6
2746	2
2748	7
2752	7
2756	7
2764	6
2765	8
2777	7
2783	6
2796	8
2810	6
2812	6
2813	4
2818	8
2820	6
2821	6
2824	9
2827	8
2828	8
2835	8
2839	8
2840	8
2852	6
2859	7
2863	2
2878	8
2879	8
2883	8
2890	2
2891	8
2892	8
2895	7
2905	4
2910	7
2920	8
2925	6
2929	7
2930	8
2936	7
2944	6
2945	6
2950	8
2964	6
2969	8
2983	10
2984	6
3004	8
3005	7
3014	8
3022	8
3030	8
3034	7
3043	8
3048	6
3049	8
3050	8
3057	6
3061	8
3067	8
3070	6
3073	9
3086	6
3088	8
3089	4
3091	8
3097	10
3100	6
3103	7
3104	7
3107	1
3110	7
3113	6
3114	10
3117	8
3126	7
3145	6
3147	4
3148	7
3153	8
3154	8
3158	2
3159	6
3163	6
3164	6
3165	4
3171	6
3174	8
3180	5
3183	5
3187	8
3189	8
3190	7
3195	10
3197	7
3200	6
3207	8
3217	5
3220	8
3221	8
3222	7
3244	8
3245	4
3255	8
3258	1
3264	10
3265	6
3270	5
3274	8
3277	7
3282	8
3287	4
3288	10
3296	8
3297	8
3298	7
3303	6
3313	5
3325	7
3336	7
3340	7
3358	8
3366	8
3375	6
3382	6
3392	5
3393	8
3396	6
3402	8
3406	8
3417	7
3420	6
3426	8
3427	8
3428	1
3429	7
3433	4
3434	7
3448	8
3464	6
3468	10
3472	9
3476	8
3477	2
3485	1
3492	8
3498	10
3500	4
3504	8
3512	6
3516	8
3517	7
3524	10
3526	10
3527	6
3539	4
3540	8
3573	8
3579	6
3581	6
3584	4
3592	6
3594	6
3595	6
3597	4
3613	6
3619	6
3621	10
3624	2
3634	6
3639	8
3645	6
3646	1
3659	6
3673	6
3689	8
3690	10
3698	8
3721	8
3728	8
3729	10
3747	6
3759	6
3760	8
3761	7
3770	5
3771	8
3776	8
3783	10
3784	7
3793	4
3796	6
3797	4
3805	6
3806	8
3810	5
3817	5
3828	8
3849	6
3851	2
3865	8
3877	5
3881	5
3883	2
3888	5
3901	10
3908	8
3915	8
3920	6
3921	6
3922	6
3929	6
3937	4
3942	8
3976	7
3977	8
3981	10
3985	6
3991	4
3992	8
3994	6
4000	6
4002	3
4007	8
4017	3
4020	10
4021	1
4022	7
4033	8
4050	4
4051	8
4052	8
4053	1
4077	6
4078	6
4092	4
4094	4
4104	8
4109	6
4114	8
4115	9
4128	6
4129	5
4136	10
4156	9
4157	8
4171	10
4177	3
4182	10
4183	8
4192	8
4194	8
4198	6
4216	10
4220	2
4226	10
4229	4
4233	8
4234	5
4235	6
4241	6
4253	6
4257	8
4259	10
4272	7
4274	10
4285	8
4302	8
4310	6
4321	10
4323	7
4328	6
4333	7
4352	8
4353	6
4363	8
4365	5
4368	6
4371	2
4373	8
4375	7
4381	8
4385	8
4391	6
4395	8
4401	8
4403	8
4414	4
4415	6
4417	6
4424	6
4431	6
4433	6
4435	6
4445	4
4450	7
4459	8
4462	8
4463	6
4473	8
4479	4
4482	5
4487	6
4494	6
4497	6
4513	4
4515	8
4520	6
4525	8
4526	7
4532	6
4534	8
4535	10
4538	7
4544	7
4549	6
4557	8
4564	9
4568	8
4581	2
4589	10
4593	10
4596	8
4598	8
4600	7
4606	6
4612	4
4615	6
4616	8
4641	8
4657	7
4658	10
4665	8
4675	10
4685	2
4688	5
4711	10
4713	10
4715	7
4719	5
4720	6
4732	8
4736	6
4748	4
4752	10
4754	6
4768	8
4778	10
4783	2
4790	8
4795	7
4798	10
4803	10
4812	4
4814	10
4815	8
4818	8
4826	7
4827	5
4834	6
4835	8
4848	10
4855	8
4856	4
4860	10
4869	5
4874	8
4877	6
4881	6
4888	8
4890	6
4895	10
4904	8
4908	7
4910	8
4924	8
4942	8
4944	1
4951	7
4954	5
4955	5
4958	8
4970	6
5001	2
5007	10
5012	8
5014	7
5016	6
5022	10
5027	6
5028	7
5032	6
5039	6
5045	8
5052	10
5058	7
5061	7
5085	7
5089	2
5090	1
5092	10
5095	5
5100	7
5103	8
5105	8
5108	10
5110	10
5112	4
5118	10
5129	10
5131	7
5134	10
5143	9
5168	6
5174	3
5176	10
5177	6
5182	8
5189	8
5191	8
5199	10
5201	6
5217	8
5221	6
5222	10
5226	6
5227	7
5231	2
5232	6
5241	6
5262	6
5266	6
5275	10
5276	8
5279	3
5280	7
5285	4
5297	8
5314	8
5315	7
5321	6
5328	6
5329	4
5336	8
5339	7
5344	8
5345	10
5347	10
5351	10
5352	8
5354	4
5355	6
5358	7
5365	8
5367	5
5392	4
5396	8
5399	8
5400	8
5409	8
5420	8
5421	7
5425	10
5438	10
5446	8
5457	8
5459	6
5461	8
5467	8
5469	5
5474	9
5484	8
5485	5
5495	6
5497	6
5503	10
5508	7
5510	7
5511	6
5515	2
5516	8
5520	8
5525	10
5538	6
5544	10
5545	4
5546	9
5549	2
5550	6
5557	8
5567	6
5575	9
5578	6
5579	10
5580	4
5590	8
5602	8
5605	10
5617	8
5623	8
5625	8
5627	8
5631	4
5632	10
5641	8
5647	8
5650	4
5657	10
5665	6
5667	6
5669	8
5670	4
5671	6
5678	10
5683	8
5687	7
5694	10
5703	7
5711	10
5714	8
5716	8
5720	2
5722	7
