4	10
8	9
18	8
19	6
22	6
26	8
34	4
35	7
36	8
42	6
46	7
47	10
50	4
54	8
59	6
62	6
67	10
71	6
72	8
75	9
76	8
77	6
80	6
89	10
92	7
95	8
97	8
100	2
101	8
111	8
116	10
118	6
119	6
125	10
126	2
132	6
135	8
139	8
144	7
154	8
160	8
164	10
170	6
171	9
172	8
173	10
176	6
193	6
196	8
198	8
199	8
203	6
208	8
212	6
213	8
215	6
217	6
221	8
223	8
226	6
228	6
232	6
236	6
247	8
249	9
251	2
260	6
262	8
264	6
265	10
266	6
267	6
268	6
272	5
273	8
275	4
276	4
279	2
281	6
289	5
293	10
294	10
296	7
305	6
310	8
311	6
315	6
318	4
320	8
325	9
339	6
340	8
344	4
349	6
351	4
355	6
358	8
364	8
368	6
369	6
379	8
381	8
382	8
383	1
384	8
386	8
391	6
392	6
395	10
396	9
404	6
406	6
409	10
415	6
418	6
426	6
432	2
433	8
434	4
441	8
444	10
453	8
456	8
459	8
460	10
465	7
472	6
477	9
478	6
481	8
482	7
483	10
491	4
494	8
495	6
496	6
504	6
505	8
506	6
511	8
516	7
517	6
524	7
525	4
539	4
541	6
543	7
545	8
549	6
553	8
556	8
558	8
561	8
562	10
567	10
569	10
571	6
574	10
577	8
579	10
585	4
589	4
593	8
601	6
604	8
608	6
609	6
616	9
617	8
621	7
622	10
623	6
627	8
628	8
629	10
634	10
636	7
643	4
644	10
645	8
647	8
650	8
654	8
655	10
656	8
657	4
661	6
669	10
676	8
678	10
683	8
688	9
693	6
700	10
712	6
715	6
719	6
727	6
730	6
734	6
735	6
739	2
742	8
745	8
746	6
751	8
752	6
755	6
761	7
767	9
769	6
775	10
784	6
785	6
788	8
792	6
795	8
798	7
799	10
802	10
803	8
806	4
807	10
812	6
827	8
828	10
834	8
837	3
844	8
846	8
856	6
859	6
862	6
870	6
871	4
876	6
878	6
881	10
885	6
889	6
896	2
897	6
902	8
905	8
907	6
908	8
919	10
927	8
928	5
933	4
942	8
948	8
949	7
956	8
960	6
964	8
968	6
976	2
986	8
987	6
988	6
990	6
993	8
996	6
1004	7
1005	6
1020	6
1021	6
1028	10
1029	8
1031	10
1045	8
1046	8
1047	5
1050	8
1054	8
1057	8
1059	8
1070	6
1074	8
1075	6
1077	6
1078	8
1079	10
1082	10
1083	6
1086	4
1090	8
1094	6
1102	10
1103	6
1104	8
1113	10
1114	6
1119	10
1120	6
1123	6
1132	9
1147	8
1155	6
1156	6
1160	8
1163	8
1165	8
1169	7
1171	6
1174	8
1177	8
1180	6
1183	10
1186	8
1193	10
1194	10
1196	10
1198	6
1202	8
1204	2
1211	6
1224	8
1226	8
1227	6
1228	8
1232	6
1237	6
1238	6
1240	8
1242	10
1243	8
1245	10
1249	8
1253	6
1254	6
1257	6
1260	8
1261	6
1265	6
1269	10
1270	9
1275	6
1278	8
1279	8
1280	6
1283	10
1287	4
1288	8
1296	6
1302	7
1303	6
1304	6
1305	6
1307	8
1309	6
1326	6
1333	6
1335	10
1337	7
1343	8
1344	4
1349	6
1355	7
1357	6
1360	6
1363	6
1368	6
1375	6
1376	10
1377	8
1380	10
1382	10
1385	6
1388	10
1391	10
1392	4
1399	6
1407	6
1408	3
1409	10
1414	6
1415	6
1417	8
1419	1
1420	6
1425	6
1428	10
1433	6
1435	8
1437	6
1438	8
1440	8
1446	7
1452	6
1463	4
1466	4
1468	6
1474	6
1475	6
1477	10
1478	6
1479	6
1486	6
1499	7
1505	6
1506	6
1517	6
1527	9
1528	8
1530	8
1534	8
1538	4
1542	6
1543	8
1545	10
1552	6
1554	8
1557	6
1560	6
1570	6
1583	6
1584	6
1585	8
1590	3
1591	8
1594	10
1598	8
1603	6
1605	6
1628	6
1632	6
1633	8
1635	6
1638	10
1639	7
1647	8
1648	6
1663	8
1664	6
1667	6
1671	6
1684	8
1687	8
1692	6
1694	6
1696	8
1699	10
1706	8
1712	6
1715	6
1717	4
1722	6
1735	10
1739	8
1741	5
1754	8
1755	8
1759	6
1762	8
1763	8
1764	8
1766	10
1768	6
1771	8
1786	8
1795	8
1805	6
1811	10
1819	8
1820	6
1824	4
1829	10
1841	7
1843	10
1844	6
1846	8
1848	7
1854	8
1855	10
1858	7
1860	7
1865	8
1870	6
1872	6
1873	8
1875	10
1877	2
1878	10
1880	6
1882	6
1883	8
1887	8
1890	6
1891	10
1895	10
1905	10
1907	7
1911	8
1915	7
1918	8
1919	7
1921	6
1927	8
1936	8
1937	8
1942	6
1945	8
1950	6
1962	8
1965	9
1966	7
1968	6
1977	6
1978	8
1979	10
1981	8
1982	6
1988	7
1989	6
1990	6
1992	8
1997	6
1999	6
2001	8
2002	6
2009	6
2018	6
2020	10
2025	8
2027	4
2031	6
2036	10
2045	8
2053	6
2054	6
2062	8
2065	4
2072	6
2077	8
2088	8
2093	6
2095	6
2104	10
2113	10
2116	6
2122	6
2123	6
2130	8
2132	6
2134	5
2138	6
2142	6
2148	6
2154	6
2159	6
2169	8
2172	10
2173	8
2181	5
2187	6
2196	6
2201	6
2204	6
2207	10
2213	6
2214	7
2215	8
2216	6
2218	5
2225	6
2233	8
2237	8
2240	6
2247	8
2254	10
2256	6
2257	8
2263	6
2265	5
2266	8
2272	6
2273	6
2275	8
2282	7
2285	6
2288	6
2289	6
2291	7
2292	8
2296	6
2298	6
2302	8
2304	6
2311	6
2315	8
2317	8
2325	6
2337	6
2339	8
2347	6
2361	7
2362	6
2370	6
2371	8
2375	4
2379	8
2389	8
2393	10
2399	6
2402	9
2407	7
2411	6
2421	8
2422	8
2428	7
2433	6
2436	2
2441	6
2445	6
2448	6
2452	10
2455	6
2457	4
2458	10
2463	7
2468	8
2469	8
2471	5
2472	10
2473	6
2480	8
2488	6
2493	6
2497	4
2498	10
2500	8
2505	7
2507	4
2511	6
2513	9
2517	4
2525	6
2527	8
2529	10
2536	7
2537	8
2538	10
2541	6
2542	8
2543	6
2545	4
2547	6
2548	6
2549	6
2558	6
2560	8
2565	6
2566	8
2572	6
2573	2
2575	10
2581	10
2584	7
2585	6
2590	6
2603	10
2608	8
2609	8
2615	6
2619	8
2628	6
2635	8
2637	10
2640	6
2641	10
2643	8
2646	8
2649	6
2652	8
2653	8
2655	6
2656	6
2657	10
2659	4
2660	10
2661	8
2662	6
2664	8
2665	6
2666	6
2667	10
2669	6
2671	6
2674	6
2676	6
2682	6
2686	7
2688	8
2689	8
2690	4
2692	8
2694	8
2696	2
2698	7
2700	8
2701	6
2708	8
2712	8
2723	6
2728	5
2733	8
2735	9
2736	9
2737	6
2742	6
2744	8
2745	8
2747	8
2749	8
2750	10
2765	6
2783	6
2784	7
2787	10
2788	6
2796	8
2797	10
2801	8
2804	6
2807	10
2810	6
2812	6
2817	6
2821	4
2825	10
2826	10
2830	6
2833	10
2842	7
2843	8
2845	8
2849	8
2852	7
2853	8
2856	8
2858	8
2859	8
2860	8
2862	7
2868	6
2869	6
2872	6
2881	6
2883	8
2890	4
2892	9
2893	6
2900	10
2902	8
2907	8
2909	5
2916	8
2920	6
2921	6
2922	8
2923	8
2926	4
2930	6
2931	8
2937	8
2950	7
2955	8
2959	4
2961	8
2971	6
2976	6
2983	10
2986	10
2993	4
2994	6
2998	8
3007	8
3008	4
3009	10
3015	10
3016	9
3019	8
3022	7
3024	10
3029	6
3030	10
3032	4
3033	10
3034	8
3035	10
3039	7
3052	6
3057	8
3061	6
3064	6
3069	6
3079	6
3083	4
3086	6
3089	6
3093	6
3094	6
3103	6
3106	7
3108	10
3114	10
3116	10
3118	8
3127	8
3131	8
3133	6
3139	8
3140	10
3141	10
3149	5
3150	8
3154	6
3156	6
3157	6
3160	6
3163	6
3164	7
3166	8
3171	6
3174	8
3176	8
3177	6
3178	6
3181	8
3182	6
3184	8
3188	8
3189	8
3194	6
3197	6
3200	4
3202	7
3210	10
3211	6
3219	4
3220	8
3230	7
3231	10
3237	6
3241	6
3248	8
3259	6
3260	8
3261	8
3262	8
3263	10
3264	8
3268	6
3272	6
3275	10
3277	5
3279	8
3284	6
3285	6
3286	6
3291	10
3296	6
3298	8
3300	8
3304	4
3308	2
3313	8
3315	6
3316	8
3317	10
3325	6
3326	8
3328	6
3335	8
3337	8
3344	8
3346	6
3347	8
3350	7
3354	8
3355	6
3360	4
3364	6
3366	4
3383	8
3384	8
3389	6
3392	6
3399	8
3400	10
3405	8
3409	10
3410	6
3413	8
3423	8
3426	6
3428	6
3430	8
3431	6
3434	6
3440	6
3442	6
3443	8
3444	6
3450	8
3452	6
3462	6
3468	8
3471	6
3473	8
3474	6
3479	8
3481	8
3483	6
3485	7
3486	6
3508	8
3512	8
3518	6
3526	9
3537	10
3542	8
3543	8
3550	6
3566	4
3576	4
3577	6
3579	8
3580	6
3585	8
3594	6
3599	8
3600	6
3602	8
3605	10
3606	8
3612	6
3614	6
3615	8
3616	8
3624	4
3631	6
3633	8
3635	6
3640	8
3641	10
3643	6
3646	6
3648	8
3655	6
3656	10
3668	8
3669	8
3675	6
3679	4
3681	8
3687	2
3698	10
3701	10
3718	8
3721	6
3725	6
3727	8
3729	8
3731	8
3732	8
3734	6
3737	8
3740	8
3752	8
3756	8
3757	4
3761	6
3763	6
3767	4
3771	8
3772	6
3781	6
3782	6
3783	7
3784	8
3787	6
3794	8
3798	10
3808	8
3810	5
3816	6
3817	7
3822	7
3823	8
3826	6
3832	10
3838	6
3840	6
3849	7
3855	6
3857	6
3862	6
