18	7
34	6
35	6
36	6
73	6
88	8
97	8
103	8
112	6
125	4
126	7
139	8
143	6
144	9
157	10
186	8
192	7
196	2
203	8
212	8
215	10
221	6
251	10
254	4
259	10
267	2
272	6
276	5
279	7
292	6
296	7
307	4
310	8
314	6
320	8
346	10
348	5
353	5
356	6
368	8
393	8
407	7
408	6
414	8
426	7
427	6
429	6
449	10
450	6
452	7
459	6
466	5
481	6
484	8
491	7
493	4
496	8
499	6
509	6
523	6
524	7
533	8
540	10
543	7
552	8
554	2
579	8
585	6
601	10
604	10
617	6
618	10
627	4
642	10
643	4
650	8
655	10
657	6
659	4
693	6
695	8
704	6
714	7
716	2
731	6
739	6
742	7
745	10
759	8
780	8
788	8
798	5
800	6
801	5
826	8
833	6
854	8
874	7
886	8
887	10
891	5
914	10
922	8
933	6
936	8
943	6
945	4
955	8
957	4
964	8
967	4
972	8
988	8
1011	8
1018	7
1026	3
1073	10
1074	8
1075	6
1124	6
1127	10
1139	7
1143	10
1174	7
1176	8
1177	6
1178	6
1220	10
1224	8
1234	4
1235	6
1236	8
1240	6
1242	10
1265	8
1270	8
1274	8
1276	10
1287	4
1288	7
1297	4
1302	7
1315	10
1333	8
1345	8
1346	6
1350	6
1355	5
1367	5
1377	6
1381	10
1392	6
1404	4
1406	10
1407	6
1408	10
1419	9
1423	6
1435	9
1440	8
1446	3
1467	6
1471	6
1479	6
1484	8
1532	6
1537	7
1545	6
1552	8
1557	2
1567	10
1587	9
1590	6
1605	8
1624	6
1630	10
1632	6
1639	9
1640	6
1654	6
1663	9
1681	2
1695	6
1705	5
1717	2
1724	10
1755	6
1763	4
1771	7
1787	6
1789	10
1793	4
1805	5
1838	8
1848	8
1854	2
1858	9
1860	9
1861	7
1862	5
1870	5
1880	8
1881	7
1883	8
1888	8
1891	8
1902	6
1906	4
1907	6
1915	3
1921	8
1926	8
1937	5
1944	8
1966	8
1977	4
1981	7
2013	8
2018	6
2023	8
2044	6
2045	6
2053	5
2057	6
2072	6
2074	10
2076	4
2082	4
2090	10
2093	8
2099	6
2110	10
2122	5
2134	8
2154	6
2162	5
2166	2
2167	8
2168	6
2177	8
2192	8
2209	10
2224	4
2227	10
2233	4
2237	10
2254	6
2265	1
2268	8
2271	8
2282	2
2291	5
2295	8
2298	6
2299	2
2300	6
2304	10
2309	7
2322	8
2333	8
2350	6
2353	10
2356	4
2363	8
2379	10
2385	6
2396	10
2398	7
2408	6
2410	7
2412	2
2423	10
2424	6
2425	6
2434	7
2466	6
2467	6
2468	10
2492	5
2500	7
2513	8
2517	8
2522	8
2540	8
2551	2
2556	6
2568	5
2574	8
2583	8
2590	10
2591	6
2596	8
2601	8
2612	8
2613	5
2614	6
2619	4
2634	6
2637	10
2641	8
2649	8
2654	7
2657	7
2662	5
2675	8
2676	6
2679	1
2684	10
2686	8
2690	8
2692	7
2695	8
2698	6
2714	6
2736	6
2745	4
2747	10
2752	7
2765	10
2780	8
2783	8
2789	8
2796	6
2810	8
2821	4
2823	8
2828	6
2852	7
2853	7
2863	4
2879	6
2883	8
2890	7
2891	7
2892	8
2896	10
2910	4
2920	7
2930	8
2936	2
2950	8
2952	6
2958	8
2963	2
2964	6
2975	8
2989	5
3019	8
3020	8
3022	8
3030	8
3033	6
3034	8
3043	8
3057	8
3061	6
3063	6
3067	10
3070	8
3073	9
3092	6
3099	8
3103	6
3104	6
3110	6
3119	8
3133	8
3138	8
3139	5
3149	4
3157	6
3163	10
3165	3
3170	8
3174	1
3180	4
3183	5
3185	8
3187	7
3189	4
3197	7
3199	8
3207	6
3217	3
3219	4
3220	8
3233	6
3245	6
3254	8
3264	7
3265	8
3270	9
3274	10
3285	8
3298	1
3309	6
3313	6
3322	6
3325	6
3336	4
3337	6
3350	6
3362	8
3366	6
3375	6
3406	6
3411	6
3417	4
3434	8
3440	6
3450	7
3462	6
3475	8
3483	10
3492	6
3517	4
3523	10
3526	10
3543	10
3554	8
3565	7
3587	6
3592	6
3594	3
3595	6
3611	2
3619	6
3624	4
3634	8
3635	7
3645	4
3646	6
3651	10
3652	6
3659	8
3669	8
3691	8
3696	8
3712	8
3720	8
3721	8
3748	7
3754	8
3758	4
3760	2
3761	6
3765	2
3770	7
3771	7
3784	3
3791	10
3793	6
3797	6
3803	8
3805	8
3810	3
3817	8
3829	6
3830	6
3840	2
3843	8
3849	5
3860	8
3864	6
3865	7
3880	8
3881	7
3886	8
3889	1
3901	8
3905	6
3908	6
3956	8
3976	7
3977	8
3980	6
3981	8
3988	2
3991	5
4000	8
4007	8
4020	10
4028	4
4033	6
4043	10
4059	8
4065	8
4090	6
4092	4
4101	10
4110	10
4114	8
4132	8
4135	8
4136	9
4145	6
4149	6
4152	8
4156	7
4157	4
4161	6
4177	6
4182	8
4198	6
4218	7
4226	7
4228	8
4229	4
4233	6
4235	8
4251	8
4253	8
4263	8
4272	4
4285	6
4343	6
4350	8
4352	6
4358	10
4359	10
4361	10
4363	8
4364	8
4368	8
4373	8
4375	4
4377	8
4381	3
4385	7
4396	6
4403	7
4404	6
4415	4
4426	3
4431	8
4432	6
4445	4
4449	5
4454	8
4457	10
4459	7
4474	7
4475	6
4487	5
4492	4
4494	4
4496	8
4499	7
4512	8
4514	7
4521	4
4526	6
4532	8
4534	8
4549	6
4563	8
4565	8
4568	2
4586	8
4589	6
4598	2
4604	8
4606	8
4609	6
4610	8
4612	8
4628	2
4635	8
4650	6
4657	8
4658	10
4665	8
4667	3
4685	6
4690	8
4715	6
4720	8
4748	8
4766	10
4783	4
4799	10
4800	3
4815	4
4827	5
4834	6
4848	9
4850	7
4866	10
4880	10
4882	2
4888	8
4893	6
4899	8
4919	6
4920	7
4924	6
4942	10
4944	4
4954	3
4958	10
4973	7
4982	8
4995	7
5003	6
5009	6
5011	6
5016	6
5027	6
5030	8
5035	8
5039	7
5061	6
5085	8
5095	1
5100	8
5103	4
5104	2
5112	8
5123	6
5134	8
5150	9
5158	8
5168	8
5174	3
5182	6
5191	6
5192	8
5204	6
5208	8
5221	2
5226	6
5227	7
5241	4
5243	10
5244	8
5256	10
5258	8
5262	6
5266	8
5275	10
5278	10
5279	6
5285	8
5290	10
5296	4
5312	8
5329	3
5334	8
5336	6
5339	6
5355	6
5357	6
5365	8
5376	10
5377	8
5385	8
5396	6
5399	6
5411	7
5412	4
5425	8
5457	8
5459	9
5461	7
5467	10
5477	8
5488	8
5495	6
5507	7
5510	6
5515	8
5525	4
5545	4
5546	8
5552	7
5556	10
5578	8
5586	8
5597	4
5601	6
5602	5
5607	6
5609	6
5625	6
5631	8
5640	10
5646	6
5649	6
5657	4
5667	5
5670	7
5678	10
5694	8
5696	10
5703	7
5705	1
5711	10
5716	7
5724	6
5741	6
5750	10
5756	6
5760	5
5762	6
5766	4
5770	8
5787	5
5794	8
5798	6
5802	9
5828	6
5834	8
5835	6
5836	7
5840	8
5841	5
5843	4
5849	7
5852	6
5867	8
5870	6
5873	4
5875	10
5884	8
5890	6
5892	8
5902	6
5931	8
5932	2
5933	8
5938	6
5939	10
5954	8
5955	4
5957	8
5969	6
5971	10
5976	10
5978	4
5981	6
5986	8
6014	6
6043	6
6047	8
6049	10
6063	4
6066	8
6072	8
6095	10
6104	4
6111	6
6113	8
6117	6
6137	8
6144	6
6148	8
6150	7
6156	10
6163	5
6172	6
6180	1
6201	8
6205	8
6209	7
6220	6
6227	8
6232	6
6236	2
6245	6
6255	6
6264	9
6273	4
6276	5
6277	6
6290	10
6291	8
6297	10
6323	6
6339	6
6363	2
6365	6
6370	6
6371	4
6385	8
6391	6
6393	9
6395	8
6402	6
6424	8
6426	8
6434	4
6452	8
6457	7
6470	4
6481	8
6484	8
6491	8
6494	6
6508	6
6514	6
6525	10
6526	7
6528	2
6532	7
6539	8
6550	5
6558	8
6567	10
6571	6
6577	6
6581	6
6582	8
6587	6
6595	10
6605	7
6610	7
6614	4
6628	6
6629	5
6633	8
6635	5
6653	10
6660	6
6661	6
6664	6
6671	6
6678	7
6707	8
6717	6
6745	6
6757	4
6774	2
6804	2
6806	8
6810	10
6812	8
6814	8
6825	8
6840	4
6845	10
6854	3
6856	2
6887	6
6912	6
6919	6
6923	10
6932	8
6936	6
6940	6
6948	8
6949	8
6953	6
6960	4
6967	8
6968	6
6971	6
6989	10
7001	8
7028	10
7038	6
7054	4
7057	4
7061	6
7071	8
7073	6
7075	6
7078	3
7080	8
7091	6
7092	8
7093	10
7104	10
7126	5
7127	5
7145	8
7150	8
7161	8
7181	2
7185	8
7207	6
7208	10
7211	1
7213	6
7216	8
7217	6
7238	6
7240	4
7241	10
7245	6
7259	10
7267	6
7279	8
7281	10
7282	6
7286	7
7287	5
7303	8
7304	6
7315	7
7317	7
7319	6
7321	6
7322	6
7323	4
7332	10
7350	10
7353	4
7356	8
7359	4
7360	8
7408	8
7409	6
7414	8
7427	8
7439	10
7447	8
7471	1
7472	5
7478	6
7494	8
7498	10
7508	5
7534	6
7539	6
7545	3
7560	4
7566	8
7570	6
7576	6
7599	7
7603	6
7610	6
7612	7
7618	5
7619	8
7624	2
7629	4
7633	6
7640	8
7654	8
7678	10
7689	3
7697	10
7699	10
7701	6
7704	5
7705	8
7707	8
7713	6
7721	10
7753	4
7757	8
7774	7
7795	8
7796	1
7809	6
7813	6
7819	7
7820	7
7834	8
7847	8
7849	5
7856	6
7859	5
7864	8
7875	7
7876	6
7894	7
7935	6
7936	10
7946	4
7947	2
7965	10
7970	6
7972	6
7974	4
7975	8
7977	8
7979	5
7986	7
7989	8
7990	8
8000	6
8018	8
8019	6
8041	8
8048	7
8049	8
8054	6
8058	6
8060	6
8063	8
8065	6
8076	6
8100	6
8105	10
8109	7
8110	6
8114	8
8120	10
