8	6
124	6
125	6
126	1
137	4
144	3
154	7
182	8
190	5
198	9
212	5
213	8
214	8
215	8
216	6
267	3
272	5
276	7
289	6
292	6
318	3
324	2
347	8
363	9
368	7
389	9
419	4
426	8
440	7
450	2
451	7
459	3
463	4
469	10
476	9
477	7
480	4
493	6
498	4
516	8
524	7
532	4
533	8
535	10
543	10
571	4
572	7
579	6
603	6
620	4
621	1
627	4
633	5
688	2
704	8
745	4
788	10
798	6
820	7
841	8
861	9
874	2
891	7
922	9
947	2
949	5
958	10
966	5
967	8
985	5
993	4
1013	7
1018	6
1021	2
1045	8
1047	8
1064	8
1072	9
1090	8
1132	8
1139	10
1140	4
1186	8
1230	6
1236	6
1270	6
1288	5
1293	6
1297	8
1302	6
1304	10
1327	4
1355	7
1367	8
1377	6
1378	4
1403	8
1407	6
1408	6
1419	5
1433	8
1440	7
1445	6
1460	6
1466	7
1478	6
1479	6
1485	6
1488	6
1495	8
1510	8
1536	4
1541	4
1552	8
1567	6
1573	2
1606	7
1629	6
1632	6
1640	10
1650	6
1663	6
1669	8
1697	5
1713	6
1724	6
1741	8
1749	6
1771	7
1774	9
1786	8
1805	10
1854	7
1860	7
1869	4
1891	2
1908	3
1918	5
1919	6
1936	8
1945	7
1977	10
1981	7
1993	10
2012	7
2029	2
2037	2
2044	4
2053	4
2069	4
2084	8
2121	8
2122	7
2130	7
2134	6
2154	1
2168	8
2215	6
2233	4
2234	6
2237	6
2270	3
2281	7
2282	4
2315	9
2330	8
2359	6
2361	6
2385	6
2398	10
2402	4
2414	7
2424	10
2432	6
2435	5
2471	3
2480	9
2484	10
2487	6
2492	4
2496	9
2509	6
2510	7
2522	4
2536	5
2573	10
2574	7
2590	9
2592	6
2593	6
2612	6
2627	5
2632	4
2662	6
2678	8
2686	5
2692	6
2698	5
2706	8
2711	7
2720	4
2735	7
2765	8
2795	8
2802	6
2812	5
2813	4
2829	5
2842	6
2853	5
2863	4
2891	4
2896	9
2909	8
2910	7
2920	7
2930	5
2936	9
2950	6
2952	9
2956	4
2957	8
2964	8
2969	6
2987	4
3015	8
3017	6
3027	4
3050	7
3054	10
3057	9
3067	6
3086	7
3089	8
3104	8
3106	6
3114	8
3144	6
3147	2
3159	6
3170	6
3171	8
3190	7
3207	4
3219	4
3220	4
3221	8
3222	8
3246	6
3265	6
3266	6
3298	3
3299	7
3301	8
3304	6
3313	9
3325	6
3335	6
3336	5
3340	8
3359	4
3377	4
3396	2
3408	3
3426	6
3428	2
3440	5
3477	6
3485	4
3488	6
3538	6
3539	8
3553	8
3595	9
3599	8
3610	5
3611	10
3624	4
3634	8
3635	5
3646	8
3659	4
3699	8
3747	4
3761	6
3770	1
3783	10
3791	8
3793	5
3810	4
3817	7
3849	8
3853	6
3860	6
3922	7
3937	6
3965	10
3976	2
3977	8
3981	8
3985	5
3991	5
3994	8
4020	10
4022	5
4078	6
4090	7
4099	6
4129	7
4136	7
4177	5
4182	8
4218	7
4229	6
4232	10
4233	7
4238	9
4243	8
4285	6
4317	8
4322	6
4335	4
4341	9
4353	7
4363	10
4364	6
4368	10
4403	8
4409	8
4432	6
4436	4
4487	9
4499	7
4509	10
4513	4
4514	8
4517	6
4521	2
4538	10
4549	6
4559	10
4596	8
4598	7
4623	8
4703	5
4715	7
4716	7
4720	6
4724	6
4736	6
4783	10
4800	3
4812	6
4826	4
4827	9
4833	3
4835	8
4867	7
4872	10
4895	8
4898	10
4912	5
4954	6
4964	10
4965	7
4978	4
5012	6
5039	8
5061	8
5085	7
5100	6
5104	5
5112	6
5128	8
5134	8
5142	8
5168	4
5174	5
5219	8
5231	2
5232	7
5238	6
5241	8
5262	4
5266	5
5279	9
5280	5
5314	8
5328	5
5346	8
5411	7
5414	7
5415	8
5418	8
5447	7
5459	8
5461	3
5469	8
5480	6
5507	4
5510	1
5519	8
5526	5
5539	5
5545	7
5552	9
5580	4
5602	5
5616	10
5617	2
5641	10
5667	8
5670	6
5678	10
5681	6
5703	9
5716	9
5747	5
5779	8
5780	6
5786	8
5804	6
5829	2
5834	6
5840	7
5857	6
5858	7
5886	9
5888	8
5890	4
5902	8
5917	6
5925	6
5933	8
5939	8
5940	6
5947	6
5954	5
5958	4
5963	8
6001	7
6014	4
6018	5
6024	7
6077	8
6095	8
6096	3
6117	6
6119	8
6149	8
6161	4
6163	6
6172	6
6193	8
6209	5
6227	9
6245	4
6253	7
6276	5
6277	9
6285	6
6337	6
6344	6
6352	5
6365	6
6371	6
6393	4
6418	4
6443	3
6477	6
6481	6
6491	6
6503	4
6508	7
6532	8
6564	7
6582	8
6605	8
6643	10
6674	5
6678	6
6716	6
6720	10
6735	4
6738	10
6757	8
6770	5
6776	9
6814	2
6818	8
6825	8
6845	2
6893	4
6895	4
6919	8
6932	8
6933	5
6939	3
6941	7
6948	8
6971	8
6994	6
7012	7
7031	4
7035	2
7040	7
7061	7
7069	8
7075	6
7077	9
7078	5
7081	4
7084	5
7109	5
7122	5
7127	6
7134	8
7145	7
7181	2
7195	9
7216	4
7236	7
7247	6
7263	8
7270	8
7287	8
7291	6
7304	7
7315	8
7350	8
7356	3
7376	7
7417	8
7426	6
7461	8
7471	2
7472	2
7493	4
7494	7
7521	2
7522	9
7534	6
7549	6
7560	6
7571	6
7591	9
7612	7
7613	6
7618	9
7624	5
7635	8
7640	8
7654	4
7669	3
7678	8
7703	9
7704	9
7711	7
7727	6
7728	6
7758	8
7774	6
7778	8
7786	7
7795	8
7819	9
7838	9
7864	10
7887	6
7943	8
7966	8
7970	6
7972	8
7986	7
7993	6
8026	7
8040	7
8041	5
8048	8
8050	9
8060	8
8063	6
8082	8
8097	6
8101	6
8108	6
8114	8
8127	7
8136	8
8147	6
8152	6
8166	8
8167	7
8168	4
8181	7
8198	8
8238	6
8274	8
8275	7
8294	6
8348	6
8352	9
8354	5
8357	5
8364	10
8395	10
8402	4
8418	4
8423	2
8467	7
8474	8
8475	5
8476	7
8480	8
8504	6
8508	6
8541	10
8544	5
8557	6
8572	8
8573	5
8579	5
8593	7
8597	6
8604	6
8610	5
8621	7
8641	5
8642	6
8648	5
8651	8
8661	7
8665	4
8672	6
8676	10
8682	4
8692	8
8726	5
8734	6
8739	6
8740	9
8744	6
8754	3
8784	4
8787	5
8811	6
8817	4
8826	8
8839	4
8849	2
8867	8
8877	7
8881	6
8882	6
8888	6
8892	10
8929	1
8962	5
8965	8
8969	10
8973	8
8977	9
8991	8
8993	6
9005	6
9022	6
9029	6
9039	1
9043	6
9065	6
9085	6
9090	6
9100	6
9105	3
9109	8
9114	10
9138	4
9139	9
9140	6
9149	8
9160	6
9165	7
9166	7
9167	7
9176	9
9177	6
9181	6
9193	5
9195	5
9196	5
9238	6
9239	5
9246	4
9263	4
9281	6
9311	7
9312	6
9320	5
9330	1
9341	8
9355	1
9359	7
9375	2
9410	6
9415	2
9425	9
9444	5
9452	6
9453	6
9469	8
9473	4
9495	10
9505	8
9519	10
9524	6
9531	6
9547	8
9550	6
9554	8
9595	8
9599	8
9601	5
9646	5
9662	8
9666	8
9696	4
9719	6
9760	8
9774	4
9823	10
9827	8
9843	6
9844	8
9874	2
9892	8
9917	6
9927	9
9952	6
9980	4
9993	8
10012	6
10013	7
10030	7
10035	6
10036	8
10051	5
10063	5
10098	8
10099	7
10115	6
10132	7
10231	5
10245	8
10254	10
10257	2
10258	8
10281	9
10307	10
10324	6
10334	6
10357	6
10374	10
10384	2
10385	5
10425	10
10444	8
10455	4
10469	7
10478	9
10488	6
10516	7
10553	6
10563	8
10571	8
10589	8
10590	6
10636	4
10637	10
10652	8
10662	8
10664	3
10668	4
10674	3
10680	6
10695	4
10697	6
10708	8
10715	9
10720	8
10726	9
10739	5
10745	10
10749	3
10759	6
10771	6
10791	8
10799	8
10803	4
10823	8
10836	7
10848	6
10858	8
10873	5
10881	8
10907	8
10912	2
10917	6
10920	9
10946	2
10955	9
10963	6
11003	10
11018	8
11024	7
11033	10
11035	4
11050	6
11071	9
11086	5
11093	6
11117	7
11139	9
11153	8
11157	8
11158	3
11186	8
11207	10
11221	7
11244	5
11253	8
11323	6
11330	2
11383	8
11393	5
11399	6
11403	8
11411	6
11420	7
11434	6
11469	8
11470	5
11479	7
11485	5
11500	2
11510	7
11514	7
11547	8
11561	8
11595	6
11604	8
11627	9
11628	9
11638	9
11672	7
11686	6
11712	8
11728	7
11739	7
11801	8
11805	8
11824	8
11825	6
11829	8
11860	10
11874	9
11894	5
11898	7
11953	3
11970	8
11984	6
12006	8
12013	8
12025	4
12040	7
12055	5
12064	7
12089	4
12093	6
12111	4
12123	7
12150	8
12164	7
12186	6
12206	6
12207	8
12221	8
12243	2
12248	10
12254	6
12265	6
12272	8
12296	6
12302	2
12309	7
12313	9
12346	5
12353	1
12365	6
12367	2
12377	5
12394	6
12406	4
12428	6
12433	8
12437	8
12444	8
12458	4
12467	2
12532	8
12554	9
12593	6
12620	4
12621	6
12633	7
12644	9
12656	8
12660	8
12671	8
12678	8
12690	9
12695	6
12711	8
12729	6
12734	6
12752	3
12760	8
12772	8
12780	5
12781	7
12790	6
12791	6
12810	10
12811	6
12824	4
12829	8
12860	5
12870	10
12873	5
12903	10
12904	4
12925	8
12926	4
12946	6
12952	9
12965	8
12968	4
12985	6
12986	5
13001	8
13019	8
13023	10
13034	7
13043	8
13053	4
13079	6
13085	10
13115	5
13122	7
13164	8
13166	7
13188	4
13216	7
13283	7
13289	2
13290	1
13302	8
13303	8
13304	7
13318	6
13321	9
13335	3
13376	6
13395	8
13423	8
13447	10
13461	10
13465	4
13466	2
13467	6
13473	7
13501	5
13524	10
13549	4
13560	4
13564	9
13577	8
13589	4
13611	4
13612	6
13614	7
13635	4
13649	6
13669	6
13679	9
13694	10
13700	5
13701	6
13716	7
13717	8
13740	5
