8	4
10	6
18	4
19	8
30	10
65	8
88	9
104	10
112	6
122	6
126	8
136	6
137	6
143	8
154	7
173	8
182	10
190	5
198	9
203	8
214	8
259	4
275	8
276	6
289	8
300	8
304	7
318	4
340	6
350	6
368	7
386	10
410	10
417	5
424	10
426	4
427	6
450	6
469	8
489	10
490	8
506	8
513	8
533	6
543	8
548	9
554	3
558	8
571	6
577	6
582	8
585	4
595	10
600	8
601	8
603	7
642	6
655	8
657	8
678	10
714	8
734	6
745	8
746	6
766	8
780	6
786	6
803	6
821	6
824	4
830	10
840	2
843	6
874	7
885	6
892	10
905	10
946	8
971	6
972	8
974	9
977	6
983	6
1020	10
1033	8
1058	8
1072	7
1075	8
1085	7
1088	6
1099	10
1139	6
1143	6
1182	8
1191	10
1197	2
1224	8
1227	6
1242	8
1265	4
1266	10
1267	5
1287	4
1288	6
1294	7
1302	5
1314	2
1316	6
1327	8
1331	8
1350	10
1405	6
1408	7
1410	8
1419	2
1423	8
1427	2
1433	8
1435	9
1437	8
1454	10
1478	10
1484	10
1485	6
1506	8
1514	9
1515	6
1518	6
1523	8
1531	10
1532	5
1534	10
1537	7
1541	7
1546	5
1551	8
1567	6
1568	9
1578	8
1621	9
1630	8
1651	8
1673	8
1709	8
1725	6
1747	6
1751	7
1771	9
1783	6
1787	5
1805	10
1817	6
1818	7
1853	8
1860	6
1864	10
1870	4
1906	6
1907	8
1915	7
1918	8
1921	10
1959	8
1963	8
1980	8
1986	8
2012	7
2018	4
2034	7
2039	2
2047	8
2053	8
2056	8
2090	6
2096	10
2099	6
2134	9
2141	7
2150	6
2154	8
2168	9
2191	8
2194	8
2204	8
2220	8
2222	10
2233	8
2241	6
2244	8
2270	7
2271	10
2275	8
2281	7
2297	6
2306	8
2324	7
2325	9
2326	5
2335	10
2356	5
2360	7
2361	7
2376	8
2379	6
2385	8
2394	8
2398	7
2400	10
2414	1
2429	7
2446	6
2484	7
2503	4
2515	6
2522	8
2523	10
2526	6
2527	7
2534	8
2567	8
2596	8
2602	8
2637	10
2641	8
2650	4
2675	10
2685	8
2703	10
2707	6
2729	6
2744	8
2746	8
2756	10
2765	10
2770	6
2809	6
2813	6
2814	4
2818	4
2826	10
2828	8
2853	8
2891	7
2899	10
2900	6
2901	7
2925	8
2930	6
2939	10
2940	6
2948	4
2950	8
2963	8
2974	8
2987	10
3022	10
3025	10
3041	6
3045	8
3060	6
3067	8
3073	9
3089	7
3101	6
3109	6
3123	10
3133	8
3134	8
3139	8
3152	10
3154	8
3159	8
3163	6
3174	10
3180	5
3189	8
3219	6
3220	8
3228	8
3244	8
3264	7
3270	8
3277	7
3284	6
3285	10
3301	10
3336	8
3337	8
3346	8
3347	8
3355	10
3414	6
3426	6
3434	6
3454	6
3471	6
3475	10
3476	10
3477	7
3484	6
3496	8
3504	8
3519	10
3525	8
3535	8
3546	9
3562	10
3579	6
3592	10
3595	8
3599	8
3604	8
3619	6
3634	10
3639	8
3642	7
3646	9
3647	6
3658	6
3662	4
3679	6
3680	6
3687	10
3688	6
3712	8
3714	8
3721	10
3727	6
3736	10
3776	4
3783	9
3784	7
3793	1
3795	10
3804	8
3809	6
3810	2
3817	6
3822	10
3840	4
3849	8
3864	8
3920	2
3976	9
3980	8
3991	5
4019	6
4020	6
4021	7
4028	6
4033	8
4047	8
4051	6
4078	7
4090	9
4095	6
4108	6
4110	8
4115	7
4125	8
4141	6
4150	10
4153	8
4156	8
4157	8
4160	8
4169	8
4182	8
4194	10
4213	7
4219	8
4223	6
4227	8
4229	6
4230	8
4235	6
4241	8
4289	6
4317	8
4326	8
4364	6
4365	9
4373	10
4381	5
4387	8
4395	6
4401	6
4403	8
4405	8
4418	10
4432	7
4436	6
4441	8
4469	8
4475	6
4487	8
4494	8
4502	9
4513	8
4517	6
4523	10
4538	10
4549	5
4554	8
4555	1
4557	6
4565	6
4568	2
4586	6
4605	4
4612	6
4651	10
4665	8
4688	5
4712	8
4715	7
4719	7
4724	6
4806	8
4820	8
4823	8
4826	6
4827	6
4850	8
4867	9
4886	8
4887	10
4888	10
4909	6
4917	7
4939	9
4945	10
4954	4
4964	8
4969	10
5009	10
5012	8
5027	8
5028	9
5039	7
5068	10
5093	10
5100	7
5112	10
5129	10
5134	8
5150	8
5155	10
5191	6
5192	8
5194	10
5203	8
5204	6
5217	4
5226	8
5231	9
5232	6
5238	10
5246	9
5266	7
5275	8
5277	2
5285	7
5296	10
5334	6
5344	8
5348	9
5355	9
5356	8
5381	6
5399	6
5425	8
5436	10
5444	6
5445	8
5446	10
5447	7
5461	8
5481	4
5497	10
5510	6
5519	9
5524	10
5526	6
5529	6
5543	8
5569	10
5578	6
5580	2
5584	8
5596	8
5602	6
5604	8
5608	10
5619	10
5641	8
5654	4
5658	6
5661	8
5667	5
5672	8
5678	6
5689	10
5711	8
5714	6
5716	5
5720	4
5744	6
5745	10
5757	8
5760	5
5762	8
5779	8
5794	10
5798	7
5806	8
5822	6
5834	10
5835	8
5840	7
5843	4
5848	6
5865	8
5871	6
5879	2
5883	10
5890	9
5894	6
5900	4
5913	8
5917	6
5920	6
5927	8
5933	7
5955	10
5969	8
5971	10
5974	6
5975	4
5981	6
5983	7
5998	8
6014	4
6018	8
6027	10
6030	6
6031	10
6036	10
6043	6
6054	10
6063	7
6070	8
6072	8
6082	8
6094	6
6104	7
6116	10
6121	6
6145	8
6148	6
6150	9
6159	2
6161	8
6172	9
6201	8
6209	6
6220	7
6250	10
6267	10
6276	9
6287	8
6289	7
6336	8
6338	6
6373	6
6385	8
6393	8
6403	8
6415	1
6418	8
6426	8
6453	8
6458	10
6477	10
6507	10
6508	7
6534	6
6535	8
6558	6
6578	7
6582	9
6587	6
6596	8
6599	8
6603	6
6610	7
6624	6
6629	8
6646	8
6664	6
6674	8
6678	8
6682	6
6685	8
6708	8
6715	6
6717	7
6720	6
6735	10
6739	6
6757	4
6774	6
6781	6
6785	8
6790	8
6814	6
6829	10
6856	8
6860	2
6873	10
6882	6
6886	8
6890	6
6893	10
6905	4
6932	7
6936	8
6970	10
6974	8
6976	8
6982	8
6988	4
6992	5
7001	6
7014	10
7040	8
7052	8
7060	6
7061	10
7065	1
7072	7
7075	8
7081	6
7084	8
7104	8
7105	4
7126	9
7127	8
7141	7
7145	7
7158	8
7160	8
7163	7
7173	8
7181	7
7186	5
7191	5
7195	10
7196	8
7202	8
7207	8
7213	8
7214	6
7230	7
7241	8
7242	3
7257	9
7287	7
7300	6
7302	8
7313	8
7314	8
7315	6
7324	8
7328	8
7329	7
7337	4
7356	10
7380	8
7391	8
7420	8
7434	6
7450	8
7461	4
7471	5
7472	7
7482	1
7486	8
7489	8
7533	8
7534	7
7545	2
7554	8
7556	5
7566	2
7568	8
7570	8
7575	10
7577	7
7580	8
7582	8
7591	7
7596	4
7612	7
7615	8
7633	10
7634	8
7644	1
7649	8
7655	4
7667	8
7674	8
7675	8
7677	5
7678	8
7686	8
7706	6
7707	6
7711	8
7740	6
7743	7
7745	8
7752	9
7757	8
7774	7
7778	8
7786	9
7795	10
7826	10
7833	10
7836	10
7838	7
7840	8
7849	7
7856	10
7870	1
7890	10
7892	10
7893	8
7903	6
7908	6
7911	6
7919	8
7946	6
7949	6
7954	8
7972	2
7986	7
7996	6
8012	8
8024	8
8031	4
8032	8
8060	8
8075	6
8078	8
8081	7
8093	6
8101	8
8105	8
8108	6
8111	5
8127	6
8162	4
8184	10
8198	6
8201	10
8204	10
8231	8
8240	6
8242	8
8260	7
8265	4
8272	8
8278	8
8297	8
8305	10
8308	1
8310	8
8312	8
8338	9
8344	6
8352	4
8371	6
8372	8
8378	8
8394	8
8395	10
8430	6
8446	6
8452	8
8474	6
8476	7
8479	7
8485	10
8490	8
8503	5
8508	8
8513	8
8514	10
8524	8
8530	1
8532	8
8547	8
8563	3
8579	5
8597	9
8636	8
8642	8
8646	10
8651	9
8666	8
8672	8
8676	8
8678	7
8686	8
8698	6
8701	8
8718	10
8732	10
8733	10
8734	4
8736	10
8751	8
8754	8
8769	10
8784	10
8801	6
8813	5
8814	10
8820	8
8823	6
8834	6
8841	4
8849	6
8852	6
8856	8
8867	9
8870	8
8877	7
8892	8
8896	6
8922	6
8930	7
8935	6
8946	10
8959	8
8960	8
8963	4
8966	10
8983	8
8987	8
9003	6
9010	8
9018	8
9022	10
9039	7
9043	8
9050	8
9056	8
9064	8
9079	6
9083	8
9095	6
9117	8
9123	3
9139	8
9146	4
9149	8
9160	7
9161	7
9166	10
9181	7
9190	10
9196	5
9197	8
9199	8
9208	6
9209	10
9211	4
9212	6
9213	10
9218	10
9252	8
9266	8
9267	8
9268	8
9290	8
9322	8
9330	10
9335	10
9343	6
9355	8
9359	6
9374	6
9375	8
9383	10
9391	6
9396	8
9415	4
9420	6
9421	4
9432	8
9443	10
9449	8
9462	8
9474	5
9486	7
9493	10
9498	6
9506	8
9509	6
9517	6
9521	10
9522	10
9531	8
9547	8
9550	5
9554	8
9576	10
9634	8
9639	8
9644	8
9650	8
9657	8
9661	6
9692	6
9695	8
9697	6
9701	10
9704	8
9742	4
9748	8
9781	8
9782	7
9797	6
9806	10
9830	8
9841	5
9843	10
9847	8
9854	8
9867	8
9883	8
9886	8
9900	10
9902	6
9922	10
9927	7
9939	6
9944	10
9952	6
9955	8
9962	8
9970	8
9972	8
9985	9
9988	8
9992	10
10006	8
10013	8
10022	8
10024	7
10025	8
10048	6
10076	8
10098	9
10111	6
10112	8
10114	8
10132	8
10136	10
10146	8
10162	3
10168	10
10171	8
10204	6
10222	8
10228	8
10235	8
10238	8
10241	8
10256	9
10265	6
10270	10
10280	5
10284	8
10289	8
10297	10
10313	6
10318	7
10324	1
10331	8
10334	6
10352	10
10379	4
10385	7
10402	8
10408	6
10418	6
