24	8
30	10
36	4
41	4
43	8
57	6
64	6
65	4
96	6
112	6
122	4
136	8
139	6
143	8
173	6
182	6
187	5
194	8
196	10
215	6
229	2
249	8
251	8
253	6
274	6
282	6
289	6
302	6
309	8
310	8
316	6
318	8
334	4
350	8
351	4
356	6
368	6
399	6
405	8
410	8
426	3
450	6
459	4
463	7
473	6
489	6
499	8
505	10
513	8
526	8
537	6
558	6
574	6
575	10
577	8
591	8
599	4
601	6
617	8
623	8
627	8
634	8
642	8
655	6
656	4
678	4
690	8
734	10
739	4
756	6
761	8
770	6
780	6
815	9
829	6
840	4
843	6
863	6
892	8
900	6
914	6
932	6
939	2
972	8
999	7
1005	8
1020	10
1051	6
1053	6
1073	6
1074	6
1083	6
1124	6
1149	6
1156	8
1191	6
1207	10
1224	6
1265	6
1274	6
1288	5
1302	4
1315	10
1325	6
1327	6
1333	8
1342	7
1350	8
1354	1
1369	6
1380	8
1390	6
1406	6
1408	7
1410	8
1419	2
1422	4
1435	7
1444	8
1445	4
1456	5
1479	4
1485	7
1497	8
1506	6
1534	6
1541	6
1549	6
1557	6
1561	8
1577	8
1578	10
1579	6
1590	2
1599	8
1603	8
1615	8
1624	10
1655	10
1665	8
1680	10
1688	10
1689	10
1697	6
1707	6
1709	4
1734	10
1765	6
1766	10
1777	4
1811	6
1817	5
1825	4
1832	4
1857	4
1860	7
1864	6
1880	2
1886	6
1905	8
1906	4
1918	8
1919	2
1922	8
1925	10
1939	6
1962	8
2003	2
2008	8
2015	6
2028	4
2034	5
2044	4
2047	6
2053	6
2063	2
2093	8
2099	6
2102	9
2110	6
2134	6
2140	8
2145	2
2154	4
2183	8
2203	6
2204	6
2208	6
2217	6
2231	6
2233	4
2248	8
2261	2
2270	2
2275	10
2281	5
2303	8
2304	2
2314	6
2325	7
2333	8
2339	6
2353	6
2361	7
2385	9
2403	6
2424	2
2465	6
2468	8
2480	6
2490	6
2522	4
2536	5
2542	6
2555	4
2566	8
2582	10
2596	10
2612	8
2614	6
2616	6
2631	8
2637	8
2641	6
2661	6
2675	8
2684	6
2692	7
2695	6
2702	6
2719	6
2745	4
2751	8
2764	6
2774	10
2808	6
2814	4
2821	10
2826	6
2829	7
2837	8
2852	7
2853	7
2858	4
2875	6
2882	8
2887	6
2891	6
2899	6
2903	6
2927	4
2931	6
2932	6
2950	8
2955	8
2960	8
2977	6
2980	4
3012	10
3018	6
3030	4
3034	6
3062	6
3066	6
3067	8
3081	6
3086	6
3089	6
3126	5
3142	8
3159	4
3162	2
3174	8
3178	8
3179	6
3211	4
3238	6
3257	6
3263	8
3273	10
3277	7
3284	6
3285	8
3304	6
3309	6
3313	8
3325	6
3336	5
3350	5
3355	8
3365	6
3373	4
3400	2
3423	8
3427	6
3430	8
3434	6
3438	6
3439	6
3453	10
3461	8
3462	6
3466	8
3487	4
3524	4
3525	4
3543	8
3549	7
3551	6
3556	8
3562	6
3587	6
3599	7
3610	5
3620	6
3623	6
3635	7
3637	2
3648	6
3649	6
3651	8
3657	6
3661	6
3687	8
3694	6
3695	8
3698	8
3712	8
3716	8
3721	8
3736	8
3737	10
3739	6
3762	6
3784	6
3795	8
3810	2
3817	5
3849	4
3865	6
3876	6
3896	6
3905	6
3912	6
3928	6
3946	6
3960	8
4027	10
4028	6
4032	6
4040	6
4043	2
4046	8
4054	8
4062	6
4063	6
4065	6
4078	6
4093	8
4094	6
4100	6
4105	8
4110	6
4125	6
4127	6
4132	8
4156	7
4160	8
4173	6
4182	6
4227	2
4228	6
4229	6
4241	8
4257	4
4278	6
4293	10
4297	6
4308	8
4309	6
4317	4
4343	6
4347	6
4368	6
4373	6
4399	6
4401	4
4407	8
4413	8
4453	4
4457	6
4475	6
4491	2
4500	10
4501	4
4508	6
4512	8
4513	6
4520	7
4523	8
4526	6
4538	9
4559	8
4564	6
4571	8
4580	8
4610	8
4614	6
4620	8
4623	6
4664	6
4675	6
4684	8
4697	5
4718	10
4726	8
4805	6
4823	8
4827	4
4865	10
4867	6
4888	8
4896	8
4909	8
4915	2
4932	6
4940	8
4945	6
4951	5
4964	8
5005	8
5007	8
5011	2
5044	8
5045	2
5052	2
5058	5
5098	8
5102	6
5103	8
5112	8
5118	8
5129	10
5134	8
5158	8
5169	10
5171	6
5172	6
5174	3
5175	6
5192	4
5195	8
5198	6
5208	6
5212	6
5217	6
5226	6
5237	8
5243	4
5263	8
5266	5
5289	10
5318	4
5328	6
5334	6
5341	9
5350	10
5352	2
5360	6
5378	8
5395	6
5408	8
5425	8
5454	6
5477	6
5479	8
5480	6
5482	10
5488	8
5499	2
5503	6
5510	6
5513	6
5517	6
5519	10
5523	8
5535	8
5536	6
5540	4
5557	8
5563	8
5584	8
5601	10
5612	6
5636	6
5640	6
5641	8
5647	4
5649	8
5656	6
5658	7
5661	8
5677	8
5681	5
5689	8
5694	8
5708	6
5711	8
5715	7
5718	8
5738	4
5755	8
5770	4
5785	6
5794	4
5806	10
5822	4
5824	4
5830	2
5852	6
5858	4
5864	6
5867	5
5870	6
5871	6
5932	6
5938	6
5954	8
5955	8
5968	8
5973	8
5974	6
5981	6
5986	6
5998	4
6014	6
6018	6
6021	6
6025	6
6029	4
6043	8
6054	8
6055	6
6069	8
6094	4
6102	6
6111	6
6117	8
6119	6
6121	6
6136	8
6150	8
6161	4
6174	6
6208	8
6233	6
6249	6
6250	4
6273	8
6276	5
6282	2
6283	8
6287	8
6304	6
6313	4
6325	6
6327	8
6351	8
6386	6
6392	8
6394	8
6418	6
6424	8
6426	6
6428	6
6434	6
6437	6
6443	3
6452	6
6453	4
6477	7
6478	8
6484	6
6488	8
6494	6
6497	2
6498	1
6500	6
6506	8
6524	8
6534	6
6542	8
6548	6
6550	6
6575	8
6582	9
6587	6
6595	8
6600	4
6603	6
6610	7
6612	6
6622	6
6646	7
6656	8
6669	5
6670	6
6671	8
6673	8
6678	6
6683	8
6711	6
6713	10
6723	8
6743	7
6749	6
6766	4
6778	6
6794	6
6814	8
6832	6
6851	6
6885	6
6903	6
6922	6
6923	8
6932	7
6935	8
6943	8
6956	6
6979	8
6986	6
7005	8
7012	4
7038	6
7045	6
7075	6
7078	3
7080	8
7104	8
7116	8
7134	10
7149	8
7150	2
7159	2
7161	6
7196	6
7207	8
7213	8
7215	6
7216	6
7220	6
7225	6
7232	8
7233	8
7245	8
7246	8
7254	6
7259	8
7270	7
7273	1
7282	1
7294	6
7307	6
7311	2
7312	4
7313	8
7314	6
7316	6
7319	6
7321	8
7328	6
7339	10
7364	6
7406	6
7414	6
7416	8
7429	6
7434	6
7438	4
7461	6
7471	5
7480	8
7490	4
7508	6
7513	6
7518	10
7534	5
7548	8
7554	8
7568	6
7570	8
7602	8
7612	6
7631	8
7632	8
7638	8
7642	10
7643	8
7645	6
7654	6
7657	6
7663	8
7681	4
7696	6
7707	6
7711	2
7719	6
7757	7
7760	10
7774	7
7786	8
7795	6
7798	8
7805	6
7822	10
7846	6
7856	8
7862	8
7875	7
7883	6
7909	8
7926	4
7936	8
7942	4
7949	8
7954	8
7972	6
7993	5
8000	6
8010	10
8011	10
8019	2
8037	6
8063	6
8065	6
8067	8
8070	5
8075	1
8079	6
8084	8
8098	4
8101	7
8114	6
8120	2
8125	8
8127	7
8139	8
8152	4
8156	8
8162	4
8172	8
8184	6
8190	6
8218	6
8226	6
8231	2
8232	6
8244	8
8263	8
8264	6
8271	6
8272	2
8278	8
8283	6
8295	1
8300	6
8306	4
8315	4
8318	6
8325	4
8338	6
8344	6
8350	6
8371	6
8375	6
8452	6
8457	4
8461	8
8474	4
8475	8
8476	7
8479	3
8492	6
8501	8
8508	8
8547	4
8553	6
8554	6
8562	6
8573	6
8574	7
8586	6
8592	8
8594	2
8600	6
8604	4
8606	8
8607	6
8615	6
8630	10
8636	6
8642	6
8651	8
8672	4
8676	6
8700	4
8717	5
8718	8
8723	6
8724	8
8734	4
8737	8
8739	6
8765	8
8801	8
8802	6
8806	6
8811	6
8814	7
8819	6
8820	8
8823	4
8848	6
8849	8
8856	7
8870	4
8877	5
8879	6
8885	6
8892	8
8895	10
8896	8
8898	8
8915	10
8930	7
8946	4
8952	6
8957	10
8960	8
8979	8
8983	10
9002	6
9003	8
9008	4
9013	8
9039	2
9050	4
9093	6
9103	6
9107	8
9109	2
9117	4
9124	8
9139	9
9160	1
9163	6
9184	8
9193	6
9196	7
9213	8
9247	6
9266	4
9267	6
9268	8
9284	2
9293	6
9307	8
9322	6
9330	9
9338	6
9350	4
9355	6
9371	6
9374	6
9381	6
9391	6
9395	6
9401	6
9402	8
9405	6
9442	6
9443	8
9449	8
9462	7
9465	6
9469	7
9475	7
9499	6
9504	10
9526	4
9531	4
9550	4
9554	8
9574	7
9578	8
9579	8
9589	3
9595	5
9603	8
9617	5
9652	9
9658	6
9662	4
9681	6
9695	8
9700	8
9716	8
9734	10
9742	4
9749	6
9759	6
9770	6
9774	6
9776	6
9782	4
9795	6
9809	8
9817	8
9825	6
9830	6
9840	8
9841	5
9874	8
9880	6
9886	6
9887	2
9891	4
9894	6
9909	8
9921	6
9922	6
9930	4
9942	6
9948	10
9952	6
9959	8
9971	6
9977	6
9978	8
9983	4
9989	6
9992	8
10000	6
10018	5
10033	4
10035	6
10056	6
10073	8
10106	6
10114	6
10120	6
10127	4
10146	4
10147	6
10148	6
10179	6
10188	8
10189	6
10204	4
10206	10
10233	2
10238	6
10247	6
10263	6
10270	10
10311	6
10318	7
10320	6
10326	8
10331	8
10347	8
10368	5
10377	6
10402	5
10412	2
10427	1
10433	2
10444	8
10455	9
10469	5
10509	8
10516	6
10526	8
10559	6
10567	6
10573	8
10599	10
10605	6
10606	8
10617	8
10636	6
10647	8
10649	8
10654	8
10669	6
10670	8
10679	6
10680	5
10728	4
