4	10
8	6
10	8
18	7
22	6
30	10
34	4
36	6
38	2
40	10
43	6
44	10
47	3
50	6
51	2
54	8
56	8
58	4
65	6
83	6
89	8
91	8
96	4
100	7
101	6
104	10
110	8
115	8
116	8
122	8
123	8
125	6
126	7
128	10
143	6
144	6
148	10
150	8
154	8
155	5
158	10
170	4
173	8
178	6
179	10
182	8
188	6
193	6
195	4
198	8
199	10
201	8
203	6
207	10
209	10
210	8
212	7
214	10
215	10
219	10
221	8
230	10
247	8
250	10
255	6
259	4
274	8
275	8
276	9
280	10
281	6
287	6
289	8
293	6
298	10
302	6
308	10
310	10
314	6
315	4
318	10
321	10
332	6
333	6
339	6
340	6
346	6
351	8
359	3
365	8
366	8
379	8
381	10
382	6
386	8
392	10
398	10
404	6
406	6
409	8
414	7
416	10
418	10
421	10
424	8
426	4
428	10
432	6
436	8
438	8
441	6
444	10
454	10
456	8
463	6
468	6
469	10
471	8
472	8
478	4
479	8
481	6
483	10
485	4
504	8
505	8
507	10
510	10
511	10
513	8
516	6
518	6
522	8
524	7
525	6
527	8
530	8
531	6
533	8
536	8
541	8
543	8
545	8
550	10
552	6
554	3
556	10
558	5
560	7
562	10
565	8
567	6
573	10
578	2
582	10
584	8
585	10
586	6
588	8
591	2
593	6
595	8
596	10
601	10
609	10
617	10
623	8
629	10
633	4
634	10
638	8
642	10
643	8
645	6
656	8
657	6
661	8
662	8
671	10
674	2
677	8
683	4
686	10
691	8
694	10
695	8
700	10
716	8
719	10
721	6
727	6
729	8
742	8
758	10
764	6
765	8
771	6
775	8
780	6
786	2
788	8
790	10
798	8
803	8
806	6
815	9
816	8
817	8
828	6
830	6
833	8
838	7
842	10
851	9
852	6
855	8
859	4
862	8
863	6
867	10
870	8
871	10
873	10
881	8
882	8
885	10
886	8
887	10
889	10
891	7
899	10
904	10
909	6
915	10
922	7
924	8
928	8
932	8
948	8
953	4
956	4
960	8
970	4
971	4
972	10
977	6
983	8
989	8
992	8
996	6
1002	4
1004	5
1006	8
1008	7
1011	8
1014	10
1018	6
1025	6
1026	9
1029	4
1033	10
1035	6
1037	10
1038	10
1047	9
1058	10
1059	8
1060	4
1066	10
1067	8
1075	10
1077	4
1079	10
1082	10
1085	9
1086	8
1088	6
1106	7
1114	8
1119	4
1129	8
1137	8
1139	8
1143	10
1145	6
1147	6
1157	8
1160	7
1162	8
1168	6
1169	8
1174	6
1176	8
1177	8
1180	10
1181	10
1183	6
1197	6
1198	8
1202	2
1204	2
1205	10
1211	6
1214	7
1227	6
1228	6
1232	6
1242	10
1257	8
1260	8
1264	10
1265	10
1275	10
1277	10
1286	8
1287	10
1288	1
1290	6
1294	7
1299	8
1302	5
1303	6
1304	8
1305	6
1308	8
1309	6
1310	10
1320	10
1326	8
1327	6
1330	6
1335	6
1336	6
1337	5
1351	8
1352	10
1353	8
1355	6
1361	9
1363	8
1364	8
1365	6
1369	10
1370	8
1375	6
1377	8
1378	7
1384	10
1385	8
1389	10
1390	8
1392	5
1399	6
1401	8
1404	6
1407	8
1409	6
1410	10
1415	6
1419	7
1422	8
1423	6
1426	10
1427	3
1433	8
1435	4
1437	10
1441	8
1445	9
1450	6
1451	6
1452	8
1454	6
1463	8
1467	4
1468	6
1471	10
1473	10
1478	10
1479	4
1482	6
1484	8
1485	5
1486	8
1487	10
1491	6
1498	10
1499	1
1501	8
1506	10
1510	8
1514	9
1517	8
1519	4
1522	1
1523	8
1538	10
1543	10
1554	6
1555	10
1557	4
1570	6
1573	8
1578	6
1580	4
1582	8
1583	10
1588	6
1590	4
1597	6
1601	6
1604	8
1607	10
1609	8
1614	8
1624	10
1625	6
1628	8
1632	8
1633	8
1635	10
1637	8
1640	9
1647	8
1648	6
1658	6
1663	5
1667	6
1668	6
1671	6
1683	6
1685	8
1692	4
1694	8
1701	8
1702	10
1704	7
1709	6
1711	10
1713	8
1714	8
1715	6
1722	4
1724	10
1742	6
1743	10
1747	6
1751	7
1755	3
1756	2
1761	8
1768	10
1771	8
1780	6
1788	8
1793	5
1794	6
1797	6
1799	6
1805	6
1811	8
1812	10
1817	10
1818	8
1819	6
1824	6
1826	8
1829	6
1831	10
1832	2
1837	8
1841	8
1844	8
1846	6
1848	7
1850	10
1851	2
1854	3
1858	8
1860	8
1863	8
1871	6
1873	10
1877	8
1880	2
1881	6
1882	4
1886	8
1887	6
1888	10
1890	6
1891	10
1898	6
1907	6
1911	8
1913	10
1918	8
1921	10
1927	8
1933	6
1937	5
1940	10
1941	10
1944	6
1952	10
1953	8
1954	2
1957	10
1958	4
1966	4
1968	6
1969	8
1973	10
1981	7
1986	8
1991	6
1996	10
1999	5
2002	10
2009	8
2010	6
2022	10
2023	2
2028	10
2035	6
2037	10
2041	8
2044	6
2045	6
2053	5
2054	8
2056	8
2057	8
2062	6
2063	4
2069	4
2072	8
2083	6
2084	7
2088	6
2089	10
2096	8
2122	6
2123	8
2129	10
2132	6
2134	6
2143	8
2144	10
2148	4
2150	8
2152	6
2154	4
2161	10
2162	5
2165	10
2169	8
2172	10
2173	8
2181	2
2187	10
2192	8
2197	10
2204	8
2207	4
2213	8
2218	7
2220	8
2225	8
2226	8
2233	8
2236	8
2237	10
2243	4
2247	8
2251	8
2253	8
2254	6
2257	8
2263	6
2264	10
2265	6
2266	6
2267	10
2272	8
2275	10
2276	6
2285	10
2286	8
2288	8
2290	8
2293	8
2304	2
2312	6
2314	10
2321	6
2323	10
2325	6
2332	8
2335	6
2336	9
2347	8
2350	6
2354	4
2355	8
2356	5
2357	9
2361	9
2378	4
2385	8
2392	10
2397	6
2399	10
2411	6
2425	10
2428	6
2433	5
2434	9
2435	8
2437	6
2439	8
2445	4
2448	8
2457	6
2460	10
2464	6
2466	6
2467	8
2468	10
2471	3
2478	10
2482	4
2483	6
2484	8
2488	8
2492	8
2498	6
2503	6
2512	8
2515	6
2522	10
2526	8
2527	8
2534	10
2539	10
2541	10
2549	10
2551	10
2553	10
2556	7
2565	8
2566	8
2571	5
2581	6
2583	8
2584	10
2585	10
2588	9
2590	4
2592	8
2602	8
2610	6
2612	8
2619	3
2620	8
2631	8
2640	6
2641	8
2648	6
2649	8
2650	2
2652	10
2653	7
2655	10
2656	6
2660	8
2662	4
2675	10
2677	8
2684	10
2686	8
2698	6
2701	10
2703	2
2707	10
2709	8
2712	6
2713	8
2714	6
2718	8
2725	8
2727	8
2737	8
2742	10
2745	6
2747	10
2749	6
2751	8
2758	10
2764	8
2768	8
2772	6
2775	8
2781	10
2782	8
2785	7
2787	8
2796	2
2803	6
2807	4
2809	10
2812	2
2813	8
2817	2
2821	2
2823	9
2825	8
2828	6
2831	10
2834	8
2846	6
2847	6
2849	6
2850	6
2852	7
2853	7
2856	10
2857	10
2860	6
2862	8
2865	10
2871	10
2879	1
2881	6
2891	5
2895	7
2897	10
2898	10
2903	8
2912	6
2915	9
2920	6
2921	6
2923	10
2931	10
2946	6
2948	10
2955	8
2957	9
2958	2
2959	10
2964	5
2979	10
2989	10
2990	8
2993	10
2994	6
2998	6
3000	6
3003	8
3008	6
3009	10
3010	8
3021	8
3022	10
3024	8
3025	6
3026	8
3027	7
3034	4
3041	8
3043	4
3044	6
3048	6
3052	8
3057	8
3059	10
3060	6
3061	2
3062	10
3064	10
3067	10
3069	10
3071	6
3073	7
3074	8
3076	6
3079	8
3082	8
3083	6
3084	10
3087	6
3089	8
3100	8
3104	8
3111	2
3114	6
3116	1
3117	8
3118	6
3119	8
3123	8
3127	10
3131	8
3132	10
3139	8
3145	8
3146	2
3149	1
3150	6
3151	10
3152	8
3157	2
3159	6
3163	6
3164	6
3170	6
3173	8
3174	9
3180	3
3185	8
3188	10
3189	8
3197	5
3199	8
3206	6
3207	8
3210	8
3211	6
3213	6
3219	4
3220	10
3228	10
3232	8
3240	7
3241	8
3242	8
3244	8
3254	10
3263	8
3264	8
3275	6
3277	5
3280	7
3284	8
3285	8
3289	8
3295	10
3299	9
3301	6
3311	4
3321	8
3325	3
3334	10
3346	2
3354	10
3357	8
3360	10
3366	8
3373	10
3376	2
3385	10
3389	6
3390	6
3393	8
3395	8
3398	8
3399	6
3405	8
3411	10
3412	10
3424	8
3428	1
3430	10
3444	10
3448	8
3449	6
3454	6
3463	9
3468	10
3471	10
3480	8
3483	6
3485	8
3488	4
3492	10
3493	2
3502	8
3504	10
3506	10
3513	6
3515	10
3518	6
3519	10
3525	6
3532	8
3536	10
3544	9
3550	6
3555	10
3556	8
3562	10
3567	10
3577	6
3582	8
3583	10
3585	8
3586	6
3590	8
3591	8
3593	6
3594	7
3595	6
3599	7
3600	7
3602	10
3605	8
3606	10
3609	6
3612	10
3626	4
3634	8
3635	8
3638	6
3639	7
3646	10
3648	10
3652	10
3663	8
3674	10
3679	10
3680	8
3687	10
3694	6
3702	10
3712	8
3720	6
3727	10
3736	10
3738	6
3744	10
3745	8
3754	6
3756	8
3757	6
3761	4
3767	10
3783	8
3786	10
3793	5
3795	10
3796	10
3799	4
3800	10
3804	8
3805	8
3808	6
3813	4
3817	6
3823	4
3826	8
3827	6
3828	6
3832	8
3838	10
3840	6
3841	8
3849	8
3851	10
3864	4
3865	6
3870	8
3879	6
3882	6
3885	10
3889	9
3891	6
3894	8
3896	8
3899	10
3901	2
3903	6
3904	10
3919	8
3929	8
3935	6
3938	10
3940	10
3941	8
3942	10
3951	8
3954	6
3978	8
3979	4
3991	5
3992	6
3994	7
3997	10
4000	10
4008	6
