18	7
22	6
65	4
67	8
72	8
77	6
79	6
80	8
89	8
94	6
96	6
101	8
106	8
112	6
116	10
118	6
126	3
139	4
173	8
182	6
193	6
203	6
208	8
223	6
232	4
236	8
247	10
267	4
276	3
281	6
287	8
293	6
294	6
305	6
310	8
314	4
326	8
332	8
349	8
355	6
364	6
381	8
382	10
391	6
406	8
408	4
410	8
416	6
418	4
426	2
441	6
450	6
454	2
456	4
468	6
472	8
488	6
493	6
494	6
504	6
517	6
531	8
539	6
556	6
562	10
567	6
593	10
604	6
609	8
627	6
628	8
638	8
655	8
656	10
657	6
661	10
677	8
688	3
701	10
707	2
719	6
729	8
739	4
748	6
752	6
780	6
789	6
792	6
795	8
798	5
799	10
806	8
816	10
828	8
835	8
848	8
862	6
870	6
876	8
881	6
895	8
956	2
976	4
986	6
987	8
998	3
1005	6
1020	10
1050	6
1054	6
1057	8
1059	6
1066	6
1070	2
1078	8
1079	10
1086	8
1094	8
1102	10
1103	8
1114	8
1147	6
1156	6
1166	6
1180	8
1183	8
1186	5
1193	10
1199	10
1204	8
1224	7
1227	4
1228	6
1238	6
1253	6
1261	6
1265	6
1269	10
1270	8
1279	6
1303	6
1306	3
1335	10
1349	8
1363	8
1401	2
1408	2
1409	6
1414	4
1438	6
1445	8
1452	6
1468	6
1511	6
1517	6
1533	10
1538	4
1543	6
1560	6
1570	10
1583	2
1591	8
1594	8
1601	2
1607	6
1617	4
1628	6
1648	6
1671	6
1684	6
1694	6
1699	6
1711	4
1714	6
1722	6
1730	6
1739	6
1766	10
1777	10
1795	6
1799	6
1819	6
1829	6
1843	10
1844	6
1865	10
1873	6
1877	8
1878	10
1882	8
1883	6
1885	7
1890	6
1905	4
1906	4
1916	6
1918	5
1938	6
1945	7
1962	8
1968	6
1975	8
1979	6
1982	6
1988	6
1996	6
2001	6
2019	6
2034	5
2035	4
2046	2
2047	6
2053	7
2054	6
2062	6
2092	6
2093	8
2095	6
2104	6
2123	6
2134	4
2150	6
2169	6
2201	4
2204	5
2236	6
2252	4
2272	10
2278	6
2285	6
2296	6
2302	8
2317	8
2321	6
2324	4
2325	7
2347	6
2350	6
2370	4
2375	2
2424	6
2436	8
2442	8
2445	6
2457	6
2464	8
2468	10
2483	4
2484	6
2498	10
2538	10
2547	6
2549	6
2564	5
2565	6
2570	6
2581	6
2612	8
2614	6
2615	6
2628	8
2641	6
2648	6
2656	6
2660	6
2666	6
2667	10
2677	6
2700	10
2701	6
2712	6
2744	6
2747	4
2749	8
2750	6
2765	8
2787	8
2794	6
2803	6
2807	6
2814	6
2826	8
2828	6
2829	6
2844	6
2849	6
2850	10
2852	7
2860	8
2879	4
2881	6
2882	6
2891	5
2908	6
2916	6
2921	6
2923	6
2926	8
2931	8
2958	2
2961	10
2963	6
2965	8
2974	2
2979	8
2986	10
2993	6
2998	10
3008	6
3013	4
3019	6
3023	8
3024	8
3030	6
3044	8
3052	6
3059	8
3064	8
3069	6
3075	8
3079	8
3104	5
3127	6
3131	6
3150	6
3156	2
3166	10
3174	6
3177	8
3178	6
3188	6
3194	8
3199	6
3210	4
3213	10
3231	8
3260	10
3262	8
3272	10
3275	10
3301	6
3308	4
3321	8
3322	8
3326	10
3389	8
3399	10
3422	10
3423	8
3430	6
3443	6
3444	6
3452	6
3481	6
3518	8
3536	8
3550	8
3567	8
3577	6
3578	6
3590	2
3602	6
3605	6
3606	8
3612	6
3633	6
3635	5
3636	8
3648	8
3656	6
3666	8
3668	6
3669	4
3675	6
3679	4
3684	2
3687	2
3694	6
3701	10
3705	4
3708	8
3721	8
3737	8
3738	8
3744	6
3753	6
3756	6
3757	6
3767	4
3772	6
3782	8
3784	3
3787	10
3808	8
3810	6
3817	6
3823	6
3832	10
3857	6
3865	8
3879	6
3882	6
3891	6
3894	8
3903	6
3919	6
3924	6
3938	8
3949	6
3950	6
3966	8
3978	6
3984	6
4028	8
4040	10
4053	4
4054	8
4057	8
4060	6
4061	8
4079	4
4088	8
4129	6
4143	8
4148	6
4158	6
4160	8
4168	10
4173	8
4205	8
4206	6
4214	6
4221	8
4227	10
4228	6
4229	4
4239	10
4246	6
4251	6
4276	8
4281	6
4287	8
4308	6
4319	8
4343	6
4348	6
4357	6
4364	6
4366	8
4368	6
4382	8
4384	8
4403	7
4427	6
4434	8
4443	6
4447	6
4451	6
4464	6
4465	6
4472	6
4475	6
4476	2
4477	8
4489	4
4491	4
4495	8
4530	10
4541	6
4546	10
4553	6
4561	8
4566	6
4576	4
4585	6
4617	4
4630	8
4634	6
4638	4
4643	8
4652	6
4658	8
4669	8
4683	10
4724	6
4746	6
4749	2
4751	6
4763	8
4781	4
4791	6
4819	6
4820	6
4824	10
4826	8
4852	6
4875	6
4901	6
4914	6
4937	8
4947	8
4976	10
4984	6
5009	6
5021	6
5024	6
5039	5
5041	8
5045	8
5048	8
5067	6
5081	6
5088	6
5101	6
5103	8
5112	4
5125	6
5127	8
5134	4
5140	8
5147	6
5167	8
5168	6
5169	6
5174	3
5180	6
5208	6
5215	10
5224	8
5229	6
5248	10
5249	8
5257	6
5266	5
5272	6
5294	4
5298	8
5316	8
5328	3
5330	6
5335	6
5343	10
5349	2
5356	6
5357	8
5359	8
5374	6
5386	6
5393	6
5396	6
5401	4
5417	6
5424	8
5441	8
5452	6
5463	6
5466	10
5470	8
5495	6
5507	4
5527	8
5530	8
5539	4
5555	6
5562	8
5566	8
5594	6
5604	8
5612	8
5619	10
5643	8
5678	6
5682	10
5688	10
5689	6
5707	4
5713	10
5740	6
5744	4
5764	6
5768	6
5783	6
5794	6
5797	6
5798	6
5800	6
5801	4
5825	8
5834	6
5837	8
5853	10
5865	6
5868	8
5877	6
5908	4
5910	6
5922	8
5939	3
5941	6
5949	8
5955	5
5989	4
6004	6
6014	4
6018	4
6019	6
6032	6
6043	6
6053	8
6059	6
6060	6
6065	6
6066	6
6085	6
6092	6
6097	6
6110	6
6120	6
6121	6
6141	6
6147	6
6148	6
6150	5
6151	2
6152	8
6159	1
6161	6
6167	6
6174	6
6185	8
6209	6
6211	6
6216	8
6225	8
6248	6
6267	6
6287	10
6295	8
6329	8
6349	8
6350	6
6422	8
6426	8
6438	4
6445	8
6455	6
6462	8
6477	7
6481	4
6487	6
6510	6
6534	8
6547	8
6556	8
6587	6
6609	6
6610	7
6642	8
6654	4
6656	10
6659	8
6672	6
6679	8
6681	10
6710	8
6713	8
6723	8
6736	6
6743	7
6748	10
6757	4
6761	8
6783	6
6788	6
6791	6
6814	7
6847	6
6850	6
6851	8
6870	8
6882	6
6900	6
6938	10
6955	6
6966	8
6984	6
7015	4
7037	10
7045	4
7055	8
7070	4
7075	6
7092	5
7112	6
7117	8
7127	6
7129	6
7140	6
7148	6
7175	8
7180	6
7181	2
7183	3
7184	4
7194	8
7195	6
7206	6
7207	6
7208	10
7216	4
7219	6
7223	6
7253	6
7289	2
7294	6
7300	6
7304	4
7310	6
7319	6
7324	6
7330	8
7334	6
7377	6
7382	2
7394	8
7433	6
7434	10
7437	6
7464	6
7471	4
7473	6
7491	6
7497	6
7503	10
7506	6
7516	10
7541	6
7545	8
7568	6
7589	10
7592	8
7612	7
7620	10
7626	8
7662	4
7666	6
7675	6
7686	6
7696	6
7698	6
7707	6
7709	10
7726	6
7730	6
7750	6
7756	2
7774	8
7788	6
7791	6
7795	6
7797	8
7798	8
7809	4
7812	6
7816	6
7821	6
7830	6
7831	2
7837	8
7843	8
7870	5
7872	10
7895	6
7899	10
7912	6
7933	6
7954	8
7960	6
7964	6
7968	6
7980	10
7988	8
8022	10
8027	6
8031	2
8036	2
8044	6
8058	7
8059	6
8064	6
8077	10
8083	3
8089	8
8104	10
8119	8
8120	2
8138	6
8143	8
8149	10
8152	4
8154	4
8162	2
8169	6
8174	10
8183	8
8187	10
8188	8
8203	8
8208	6
8218	8
8229	4
8232	6
8234	6
8238	7
8241	8
8254	10
8256	6
8260	5
8272	8
8275	5
8290	6
8309	8
8322	6
8326	6
8331	8
8344	6
8376	8
8377	6
8394	6
8407	10
8424	6
8430	6
8442	8
8445	6
8451	6
8455	6
8471	6
8484	6
8508	8
8513	6
8532	6
8580	6
8581	10
8590	8
8594	6
8611	6
8622	6
8628	8
8636	8
8643	8
8663	6
8670	8
8676	8
8689	8
8700	6
8703	8
8718	6
8721	6
8734	6
8739	6
8760	6
8768	8
8778	4
8791	10
8794	8
8804	6
8811	6
8815	8
8835	6
8867	6
8870	8
8884	4
8885	6
8887	8
8890	10
8892	7
8896	6
8899	4
8921	2
8931	6
8942	10
8953	8
8968	2
8973	8
8974	6
8977	6
8985	8
9003	6
9007	6
9023	8
9028	8
9035	6
9065	6
9078	8
9080	2
9090	10
9095	2
9098	6
9117	4
9128	6
9139	4
9143	8
9147	6
9152	6
9162	6
9173	6
9196	5
9202	6
9208	6
9212	5
9216	2
9221	6
9252	6
9258	4
9306	6
9313	8
9321	6
9324	6
9334	8
9361	8
9375	6
9412	6
9427	6
9434	8
9435	8
9436	2
9437	10
9459	8
9464	6
9470	7
9477	4
9488	8
9490	6
9497	8
9499	8
9507	8
9520	8
9530	6
9531	6
9542	2
9547	7
9554	8
9556	6
9561	8
9595	7
9611	6
9619	8
9622	8
9626	8
9685	6
9695	10
9698	6
9701	8
9707	6
9718	6
9719	6
9721	6
9748	8
9754	6
9763	6
9764	6
9788	6
9800	2
9828	6
9829	6
9833	6
9846	4
9874	6
9876	10
9902	8
9904	6
9908	4
9911	8
9922	6
9924	6
9931	8
9939	6
9942	6
9947	8
9949	2
9955	7
9969	6
9973	8
10011	6
10047	6
10052	10
10080	6
10095	8
10103	10
10105	8
10119	10
10126	6
10138	6
10140	5
10142	8
10143	8
10145	6
10164	4
10171	6
10172	10
