8	7
18	7
34	4
73	8
78	8
82	7
88	10
96	4
122	8
125	10
139	6
143	6
144	8
149	6
154	7
171	9
192	7
196	6
198	8
201	8
212	8
214	8
215	6
226	8
230	8
253	6
275	6
277	3
279	9
289	4
295	8
303	3
323	6
346	8
351	6
359	2
368	8
386	8
396	10
414	9
419	6
426	5
440	5
449	10
450	8
469	10
482	6
485	4
491	9
493	7
513	6
524	7
533	10
543	7
552	7
555	7
558	8
572	6
585	4
591	10
621	6
627	8
642	6
650	8
663	10
683	7
703	8
714	7
716	8
742	6
761	6
772	8
783	6
798	5
808	8
814	6
820	7
833	9
837	6
859	6
867	8
886	8
887	8
898	8
936	7
948	6
971	8
972	8
984	8
988	4
1018	6
1040	4
1045	6
1047	8
1048	10
1053	9
1060	10
1075	6
1085	5
1088	2
1126	6
1131	2
1132	6
1137	8
1160	9
1169	6
1174	7
1177	8
1197	9
1209	8
1220	10
1224	8
1266	4
1278	8
1294	5
1302	5
1304	8
1305	10
1320	8
1321	10
1327	7
1333	6
1355	7
1377	8
1378	7
1383	6
1387	3
1392	4
1406	8
1408	7
1419	1
1426	10
1435	4
1446	5
1479	6
1484	8
1485	6
1499	8
1502	8
1510	8
1527	10
1532	5
1536	6
1537	8
1545	8
1552	6
1557	8
1630	10
1639	8
1640	6
1649	10
1651	9
1656	8
1657	10
1663	7
1674	8
1696	10
1704	7
1709	8
1725	2
1727	5
1732	10
1737	10
1755	8
1771	8
1787	6
1793	4
1794	8
1805	6
1837	4
1839	6
1840	7
1852	8
1854	8
1858	10
1876	8
1880	8
1888	8
1891	10
1904	1
1915	6
1918	8
1932	5
1960	6
1971	6
1977	4
1981	8
1986	8
1988	6
1992	6
2012	7
2023	8
2050	6
2053	7
2057	10
2067	6
2070	6
2072	6
2084	10
2096	6
2134	8
2152	10
2154	5
2156	6
2180	8
2192	8
2204	4
2214	5
2233	6
2237	8
2251	8
2254	8
2270	6
2275	8
2276	6
2281	8
2298	8
2314	8
2325	7
2326	8
2338	6
2339	8
2376	6
2385	7
2402	6
2425	8
2428	8
2429	8
2433	6
2438	10
2439	10
2448	8
2454	6
2467	6
2468	6
2470	5
2486	6
2491	9
2500	6
2505	8
2509	8
2517	6
2522	6
2523	6
2527	7
2536	8
2566	10
2596	4
2612	8
2641	6
2650	4
2653	8
2662	6
2675	8
2679	7
2686	6
2690	8
2692	7
2709	8
2714	6
2723	7
2729	4
2731	6
2756	9
2765	8
2783	7
2785	7
2796	6
2834	6
2852	7
2853	8
2858	8
2861	10
2879	7
2890	6
2891	7
2892	9
2904	6
2909	7
2920	9
2925	8
2930	5
2936	7
2950	7
2957	7
2963	4
3004	6
3010	8
3022	8
3030	6
3031	8
3033	6
3034	7
3050	10
3057	7
3061	8
3067	8
3084	2
3086	6
3089	7
3102	2
3104	6
3109	8
3116	3
3138	8
3148	5
3149	4
3154	6
3159	6
3163	8
3174	8
3180	5
3185	6
3219	6
3229	3
3247	8
3257	8
3259	6
3264	8
3274	9
3277	8
3298	1
3301	6
3325	6
3336	8
3337	8
3350	5
3366	8
3368	7
3383	8
3392	6
3411	10
3420	8
3426	8
3427	8
3434	9
3439	6
3450	10
3493	6
3494	6
3508	6
3519	10
3525	7
3526	8
3539	4
3555	10
3556	8
3573	8
3592	4
3593	10
3595	7
3609	4
3629	6
3634	8
3645	8
3646	7
3647	6
3687	6
3691	8
3705	8
3727	8
3761	7
3771	9
3783	8
3784	7
3792	6
3793	8
3795	10
3797	8
3810	6
3817	7
3828	8
3830	9
3840	4
3865	4
3874	9
3888	5
3901	6
3977	9
3985	8
3989	8
3991	3
4009	8
4010	6
4020	10
4030	8
4033	9
4052	6
4063	3
4077	6
4078	7
4081	6
4092	4
4095	8
4099	7
4119	2
4152	8
4153	7
4156	7
4169	8
4177	5
4182	6
4194	8
4198	8
4220	6
4230	8
4235	6
4253	7
4257	8
4264	8
4294	7
4302	7
4317	5
4327	10
4328	6
4333	8
4359	9
4363	8
4364	6
4373	10
4375	6
4377	6
4381	6
4386	4
4396	8
4401	7
4403	6
4432	6
4436	8
4446	6
4463	5
4473	6
4491	2
4494	9
4513	6
4514	6
4517	4
4523	10
4534	8
4538	8
4549	6
4557	8
4568	8
4572	8
4593	6
4594	6
4598	4
4603	8
4612	8
4616	10
4651	8
4657	9
4665	8
4685	4
4697	8
4715	7
4719	7
4725	8
4734	7
4741	10
4783	6
4798	6
4814	8
4822	5
4827	7
4835	8
4850	7
4856	6
4888	6
4910	8
4918	9
4920	8
4928	8
4964	8
4973	4
4983	6
5007	6
5012	7
5022	8
5035	8
5039	7
5045	8
5085	7
5089	8
5092	8
5099	10
5103	8
5108	2
5112	6
5118	8
5123	4
5129	8
5134	6
5142	8
5168	7
5173	8
5174	5
5177	7
5182	8
5192	10
5202	8
5226	8
5232	5
5238	6
5259	6
5279	3
5285	4
5320	8
5329	2
5352	6
5353	9
5354	3
5355	8
5367	7
5396	7
5404	8
5411	6
5425	8
5437	8
5439	8
5447	7
5457	8
5459	8
5461	6
5480	6
5495	7
5503	6
5508	8
5510	6
5515	4
5524	4
5546	8
5549	2
5575	10
5578	8
5583	1
5584	6
5586	7
5592	10
5631	10
5657	8
5658	5
5667	7
5669	9
5678	8
5679	8
5681	4
5705	1
5711	8
5714	6
5716	4
5736	6
5747	4
5759	10
5760	8
5779	6
5787	4
5794	8
5798	8
5806	8
5807	2
5810	7
5813	6
5829	4
5836	8
5840	9
5841	10
5857	6
5858	3
5865	10
5878	6
5886	8
5888	8
5890	7
5892	8
5897	10
5902	6
5913	9
5932	8
5933	8
5935	7
5954	4
5955	10
5981	8
6014	7
6018	10
6030	6
6035	6
6041	8
6045	10
6047	9
6063	6
6070	8
6076	7
6077	8
6104	7
6108	10
6138	6
6144	8
6150	10
6163	4
6186	2
6188	10
6209	4
6218	8
6227	8
6239	10
6245	4
6261	8
6272	5
6276	6
6283	10
6285	7
6317	8
6327	6
6332	4
6336	8
6347	6
6351	8
6352	3
6357	8
6370	10
6393	8
6408	8
6426	8
6431	7
6434	4
6442	6
6443	7
6447	4
6461	7
6465	6
6477	5
6490	6
6494	8
6508	6
6524	8
6539	8
6574	8
6581	8
6582	8
6600	7
6604	10
6610	7
6628	6
6629	6
6635	7
6643	8
6644	7
6680	4
6696	6
6715	8
6717	6
6725	10
6734	4
6739	6
6742	6
6743	7
6757	6
6764	8
6774	8
6785	7
6812	8
6817	9
6826	8
6851	2
6854	5
6858	8
6880	9
6893	8
6895	10
6905	8
6916	8
6924	4
6932	9
6933	3
6936	6
6948	8
6959	8
6965	6
6971	8
6986	3
6998	10
7012	5
7023	6
7030	6
7036	7
7039	6
7048	8
7054	4
7061	7
7078	4
7083	10
7092	7
7108	10
7122	8
7127	6
7131	10
7140	8
7145	5
7171	8
7185	4
7195	8
7215	8
7216	6
7217	8
7225	2
7226	10
7246	10
7251	8
7252	8
7258	8
7268	6
7286	9
7287	8
7304	6
7314	6
7315	7
7323	6
7325	9
7356	8
7359	6
7380	2
7385	4
7390	10
7461	2
7463	10
7471	1
7472	10
7508	5
7522	7
7534	6
7539	6
7545	5
7568	6
7571	8
7580	6
7582	8
7587	8
7598	10
7610	8
7612	7
7613	6
7633	8
7655	7
7677	7
7699	8
7701	10
7704	7
7707	10
7711	8
7714	4
7727	5
7757	6
7765	10
7766	4
7774	9
7777	4
7811	10
7815	8
7819	8
7849	5
7856	8
7869	6
7870	1
7875	7
7888	7
7902	8
7909	8
7911	10
7947	10
7954	8
7970	7
7977	6
7979	5
7989	10
7991	4
7992	8
7996	6
8019	2
8038	9
8048	5
8050	6
8055	10
8058	6
8063	8
8067	8
8075	2
8078	6
8079	10
8082	7
8097	6
8100	8
8114	6
8116	6
8127	6
8136	7
8140	10
8145	8
8147	7
8168	6
8171	6
8173	8
8181	5
8188	10
8206	4
8215	8
8219	7
8232	8
8235	6
8236	6
8238	5
8264	8
8265	5
8274	7
8275	8
8294	6
8310	7
8315	6
8338	8
8348	8
8352	7
8357	5
8372	8
8375	7
8395	6
8400	9
8405	10
8418	6
8427	7
8447	9
8454	9
8474	8
8475	10
8476	8
8480	6
8483	7
8508	8
8521	10
8530	8
8536	10
8583	3
8588	8
8597	5
8610	6
8636	10
8645	4
8646	10
8651	6
8665	5
8672	4
8676	6
8682	6
8683	6
8686	6
8692	6
8701	8
8732	6
8734	6
8739	6
8754	7
8756	6
8768	4
8784	10
8785	8
8792	8
8796	6
8811	6
8823	4
8826	6
8856	6
8867	7
8881	4
8892	2
8897	2
8930	8
8933	8
8948	8
8960	8
8962	7
8964	10
8973	4
8977	7
8990	6
8993	5
8996	8
9022	6
9043	8
9048	1
9060	8
9065	4
9079	8
9085	9
9109	10
9110	5
9117	4
9133	8
9139	5
9149	7
9160	8
9161	8
9167	7
9176	5
9180	6
9181	7
9182	7
9192	7
9196	8
9204	8
9212	7
9261	3
9268	8
9285	8
9296	8
9299	4
9301	2
9302	8
9310	8
9315	6
9323	8
9335	10
9350	6
9355	7
9358	6
9359	5
9369	7
9378	9
9380	10
9391	10
9393	8
9405	6
9408	10
9410	5
9420	6
9440	8
9441	9
9448	6
9462	8
9467	8
9469	7
9474	4
9492	8
9496	8
9517	8
9538	5
9549	5
9550	6
9554	8
9570	4
9572	8
9573	10
9595	7
9597	6
9601	5
9628	8
9634	8
9646	4
9656	6
9660	8
9661	2
9672	8
9687	7
9713	8
9719	8
9742	7
9760	10
9775	9
9786	6
9787	5
9791	6
9795	8
9806	10
9809	6
9810	8
9818	2
9823	10
9825	8
9826	5
9827	2
9840	8
9843	10
9868	6
9870	2
9874	8
9877	7
9885	8
9892	10
9900	6
9902	7
9917	5
9922	6
9926	6
9927	6
9944	5
9955	8
9964	8
9970	4
9979	6
10001	7
10007	8
